$SPEC_ID:
No sample description was entered.
$SPEC_REM:
DET# 2
DETDESC# SPACESCIENCE8 digiBASE-RH SN 15121449
AP# Maestro Version 7.01
$DATE_MEA:
10/28/2025 13:07:41
$MEAS_TIM:
42 42
$DATA:
0 1023
       0
       0
       0
       0
       0
       0
       0
       0
       0
       0
      40
     398
     486
     457
     354
     318
     215
     191
     166
     151
     132
     132
     127
     113
     143
     122
     124
     116
     140
     145
     144
     141
     157
     142
     149
     155
     136
     145
     154
     139
     135
     148
     148
     143
     152
     165
     143
     136
     139
     173
     157
     140
     138
     132
     150
     124
     128
     171
     126
     119
     129
     129
     145
     162
     144
     151
     157
     158
     152
     172
     171
     156
     143
     186
     167
     187
     169
     178
     196
     172
     196
     180
     193
     179
     157
     201
     175
     153
     192
     166
     159
     171
     149
     157
     161
     134
     158
     155
     154
     146
     171
     139
     170
     153
     126
     149
     132
     121
     156
     133
     147
     122
     108
     116
     118
     116
     124
     113
     113
     109
     117
     100
      95
     120
      95
     126
     122
      92
     107
      98
     101
      82
     105
      99
      97
     105
     115
      89
      88
      86
      95
      94
     117
      80
      76
      78
      88
      96
      83
      88
      81
      88
      87
      77
      81
      81
      87
      78
      99
      85
      85
      79
      86
      68
      69
      89
      72
      64
      87
      56
      75
      70
      59
      54
      81
      67
      70
      53
      71
      57
      59
      50
      66
      75
      56
      46
      50
      63
      69
      55
      73
      59
      53
      67
      67
      58
      41
      47
      51
      60
      46
      47
      38
      54
      43
      50
      54
      43
      42
      45
      37
      37
      31
      40
      32
      43
      33
      27
      41
      25
      26
      21
      30
      31
      19
      25
      24
      19
      18
      21
      19
      24
      26
      21
      28
      29
      19
      26
      26
      22
      25
      22
      27
      43
      30
      47
      40
      46
      55
      48
      61
      63
      85
      82
      91
     102
     126
     111
     186
     148
     168
     189
     222
     231
     248
     258
     316
     316
     391
     395
     433
     459
     526
     510
     562
     561
     560
     653
     654
     626
     718
     727
     723
     738
     672
     675
     713
     687
     674
     674
     655
     637
     656
     602
     618
     517
     563
     494
     507
     471
     441
     412
     382
     300
     322
     274
     235
     224
     236
     188
     180
     143
     134
     114
      99
     102
      70
      70
      44
      63
      53
      28
      24
      32
      25
      17
      13
      22
       7
      12
       7
      11
      10
       3
       2
       7
       6
       6
       5
       2
       5
       3
       6
       5
       3
       2
       2
       1
       1
       3
       1
       1
       1
       1
       1
       5
       2
       2
       1
       0
       0
       0
       1
       1
       1
       0
       0
       0
       0
       2
       2
       1
       1
       1
       1
       1
       1
       1
       0
       2
       1
       1
       1
       1
       3
       0
       3
       1
       0
       0
       0
       0
       2
       4
       2
       1
       1
       1
       0
       4
       4
       0
       0
       1
       0
       0
       1
       0
       3
       0
       0
       0
       2
       1
       1
       1
       1
       3
       1
       4
       2
       2
       1
       2
       1
       0
       0
       0
       3
       1
       4
       1
       4
       0
       0
       0
       0
       0
       1
       0
       0
       1
       2
       0
       0
       1
       0
       1
       2
       0
       0
       0
       1
       0
       0
       1
       1
       1
       1
       0
       1
       3
       0
       1
       0
       0
       1
       1
       2
       1
       1
       1
       1
       2
       0
       2
       0
       0
       2
       3
       0
       1
       0
       0
       0
       0
       1
       2
       0
       1
       0
       2
       0
       1
       1
       1
       1
       0
       1
       1
       2
       2
       2
       3
       1
       2
       0
       1
       2
       1
       1
       0
       0
       1
       1
       0
       0
       0
       0
       2
       0
       1
       0
       0
       1
       0
       1
       0
       2
       0
       2
       1
       1
       1
       1
       0
       1
       2
       2
       0
       0
       2
       1
       1
       1
       0
       2
       0
       1
       0
       1
       0
       0
       0
       1
       1
       1
       1
       3
       0
       0
       1
       0
       0
       0
       1
       1
       0
       1
       1
       0
       2
       0
       0
       0
       0
       2
       0
       1
       0
       1
       0
       1
       2
       0
       0
       0
       1
       1
       0
       2
       0
       1
       0
       0
       1
       1
       0
       0
       0
       0
       1
       1
       1
       1
       0
       1
       1
       0
       1
       2
       2
       1
       1
       0
       3
       0
       2
       2
       0
       1
       1
       2
       0
       1
       1
       0
       5
       0
       1
       3
       1
       3
       0
       1
       2
       0
       2
       4
       0
       2
       2
       0
       0
       2
       2
       0
       0
       0
       0
       1
       2
       3
       1
       1
       1
       0
       0
       0
       1
       0
       1
       1
       1
       1
       0
       0
       1
       0
       1
       0
       0
       0
       0
       0
       1
       0
       0
       0
       0
       0
       0
       1
       1
       0
       0
       0
       0
       1
       1
       0
       1
       0
       0
       0
       1
       0
       0
       0
       1
       0
       0
       0
       0
       0
       0
       0
       1
       0
       0
       1
       0
       0
       1
       0
       1
       0
       2
       0
       2
       0
       1
       1
       0
       1
       0
       0
       1
       1
       0
       0
       0
       0
       0
       0
       0
       0
       1
       0
       0
       0
       1
       0
       0
       1
       0
       0
       0
       1
       0
       0
       0
       0
       0
       0
       0
       1
       0
       1
       0
       1
       0
       0
       2
       0
       0
       0
       1
       0
       0
       0
       0
       0
       0
       1
       0
       0
       0
       0
       0
       0
       0
       1
       0
       1
       0
       0
       0
       1
       0
       0
       0
       0
       0
       0
       0
       0
       0
       0
       1
       0
       0
       0
       0
       0
       0
       0
       0
       0
       0
       0
       0
       0
       1
       0
       1
       0
       0
       0
       0
       0
       0
       0
       0
       0
       0
       1
       0
       0
       0
       0
       0
       0
       0
       0
       0
       0
       0
       0
       0
       0
       0
       0
       0
       0
       0
       0
       0
       0
       0
       0
       0
       0
       0
       0
       0
       0
       0
       0
       0
       0
       0
       0
       0
       0
       0
       0
       0
       0
       0
       0
       1
       0
       0
       0
       0
       0
       0
       0
       0
       0
       0
       0
       0
       0
       0
       0
       1
       0
       0
       0
       0
       0
       0
       0
       0
       0
       0
       0
       0
       0
       0
       0
       0
       0
       0
       0
       0
       0
       0
       0
       0
       0
       0
       0
       0
       0
       0
       0
       0
       0
       0
       0
       0
       0
       0
       0
       0
       0
       0
       0
       1
       0
       0
       0
       0
       0
       0
       1
       0
       0
       0
       0
       0
       0
       1
       0
       0
       0
       0
       0
       0
       0
       0
       0
       0
       0
       0
       0
       1
       0
       0
       0
       0
       0
       0
       0
       0
       0
       0
       0
       0
       0
       0
       0
       0
       0
       0
       0
       0
       1
       0
       0
       0
       0
       0
       0
       0
       0
       0
       0
       0
       0
       0
       0
       0
       0
       0
       0
       0
       0
       0
       0
       1
       0
       0
       0
       0
       1
       0
       0
       0
       0
       0
       0
       0
       0
       0
       0
       0
       0
       0
       0
       0
$ROI:
0
$PRESETS:
None
0
0
$ENER_FIT:
0.000000 2.205567
$MCA_CAL:
3
0.000000E+000 2.205567E+000 0.000000E+000 keV
$SHAPE_CAL:
3
0.000000E+000 0.000000E+000 0.000000E+000
