$SPEC_ID:
No sample description was entered.
$SPEC_REM:
DET# 2
DETDESC# SPACESCIENCE8 digiBASE-RH SN 15121449
AP# Maestro Version 7.01
$DATE_MEA:
10/28/2025 13:09:53
$MEAS_TIM:
29 29
$DATA:
0 1023
       0
       0
       0
       0
       0
       0
       0
       0
       0
       0
      21
     288
     337
     334
     266
     234
     176
     146
     113
     108
      79
      88
      93
      97
      81
      85
      87
      97
     117
     101
     115
     119
     119
     101
      93
     112
      82
     116
     108
     111
      96
     116
     115
     108
     113
      97
     107
      98
      95
     106
      96
      99
     100
      98
     103
      96
     117
      86
     124
     133
     100
      97
     108
      95
     103
     130
     111
     122
     125
     120
     108
     120
     119
     109
     105
     131
     135
     132
     129
     150
     132
     116
     140
     131
     124
     122
     147
     139
     100
     133
     123
     117
     111
     109
     111
     107
     100
     109
     111
     113
     110
     109
      99
     105
      97
      94
      77
     110
      93
      88
      98
      94
      97
     106
      95
      92
     100
     106
     103
      72
      93
      80
      99
      68
      59
      86
      67
      86
      68
      80
      67
      74
      75
      70
      74
      71
      64
      72
      78
      65
      61
      79
      68
      57
      69
      61
      61
      66
      58
      62
      55
      52
      58
      56
      67
      49
      64
      56
      70
      58
      53
      60
      68
      61
      64
      56
      62
      52
      40
      49
      50
      52
      30
      39
      48
      49
      50
      56
      58
      54
      44
      30
      47
      45
      39
      46
      37
      49
      43
      42
      45
      42
      38
      45
      32
      42
      41
      42
      31
      38
      33
      33
      34
      25
      25
      30
      24
      42
      28
      15
      21
      23
      27
      24
      15
      21
      27
      19
      26
      33
      19
      19
      14
      23
      23
      18
      17
      13
      19
      13
      20
      15
      19
      13
      21
      11
      13
      15
      29
      14
      24
      18
      30
      27
      20
      33
      37
      37
      35
      51
      52
      48
      64
      66
      67
      70
      87
      99
     114
     118
     147
     139
     180
     185
     209
     188
     236
     252
     260
     299
     319
     352
     367
     396
     434
     414
     437
     444
     477
     486
     486
     487
     467
     529
     524
     515
     473
     524
     515
     506
     461
     469
     436
     446
     430
     395
     361
     353
     333
     321
     325
     268
     259
     230
     205
     182
     154
     169
     148
     152
     119
      98
      75
      84
      79
      50
      52
      50
      39
      25
      28
      37
      21
      21
      16
      12
      15
       8
       8
       8
       5
       7
       2
       2
       2
       4
       2
       5
       0
       2
       1
       1
       1
       0
       2
       1
       0
       0
       2
       2
       1
       1
       0
       2
       3
       0
       1
       1
       0
       2
       0
       0
       1
       0
       0
       3
       2
       2
       2
       2
       0
       0
       0
       0
       1
       0
       0
       0
       0
       0
       0
       0
       0
       2
       2
       1
       1
       0
       0
       0
       0
       2
       0
       1
       1
       1
       1
       2
       1
       1
       0
       0
       0
       1
       1
       4
       2
       0
       1
       2
       2
       0
       1
       1
       1
       1
       1
       0
       4
       0
       0
       1
       0
       0
       2
       0
       0
       0
       1
       0
       1
       1
       0
       1
       1
       0
       2
       1
       0
       0
       0
       0
       0
       0
       1
       0
       2
       0
       0
       0
       0
       2
       2
       2
       2
       0
       0
       1
       0
       1
       1
       1
       0
       0
       0
       1
       1
       1
       0
       0
       0
       1
       0
       0
       0
       0
       0
       2
       0
       0
       1
       0
       0
       0
       0
       0
       1
       4
       1
       2
       0
       1
       3
       0
       1
       0
       1
       0
       1
       1
       0
       0
       0
       1
       0
       0
       2
       0
       1
       0
       2
       0
       1
       1
       0
       1
       0
       0
       0
       0
       0
       0
       1
       1
       0
       0
       1
       1
       0
       3
       1
       0
       1
       0
       2
       1
       0
       0
       0
       0
       0
       0
       0
       1
       0
       1
       0
       0
       1
       0
       0
       0
       1
       1
       1
       0
       0
       0
       0
       0
       0
       1
       1
       1
       0
       0
       0
       0
       1
       1
       0
       0
       0
       2
       0
       1
       0
       0
       1
       0
       0
       0
       0
       0
       1
       0
       1
       0
       1
       2
       0
       0
       0
       0
       2
       0
       2
       1
       0
       0
       1
       2
       0
       1
       1
       0
       1
       0
       1
       0
       0
       3
       0
       0
       1
       4
       1
       0
       0
       0
       1
       1
       2
       1
       2
       0
       0
       3
       0
       1
       0
       1
       2
       0
       2
       1
       1
       0
       2
       0
       1
       2
       0
       0
       1
       1
       0
       1
       0
       0
       0
       0
       1
       0
       0
       0
       0
       2
       2
       0
       0
       0
       0
       1
       0
       0
       0
       0
       0
       0
       1
       0
       1
       0
       0
       0
       0
       0
       1
       0
       0
       1
       2
       0
       0
       0
       0
       0
       1
       0
       2
       0
       1
       0
       0
       0
       0
       0
       0
       0
       0
       0
       0
       0
       1
       0
       0
       0
       0
       0
       0
       0
       0
       0
       0
       0
       1
       0
       0
       0
       0
       0
       0
       1
       0
       0
       0
       0
       0
       0
       1
       0
       0
       1
       0
       0
       0
       0
       0
       0
       1
       0
       0
       1
       0
       0
       0
       0
       0
       0
       0
       0
       0
       0
       0
       0
       1
       1
       0
       1
       0
       0
       1
       1
       0
       1
       0
       0
       0
       0
       0
       0
       0
       0
       0
       0
       1
       0
       1
       1
       0
       0
       1
       0
       0
       0
       0
       0
       0
       0
       0
       0
       1
       0
       1
       1
       0
       0
       0
       0
       1
       0
       0
       1
       0
       0
       0
       1
       0
       0
       0
       0
       0
       0
       0
       0
       0
       0
       0
       0
       0
       0
       0
       0
       0
       0
       0
       1
       0
       0
       0
       0
       0
       0
       0
       0
       0
       0
       0
       0
       0
       0
       0
       0
       0
       0
       0
       0
       0
       0
       1
       0
       0
       0
       1
       0
       0
       0
       0
       0
       0
       0
       0
       0
       0
       0
       0
       0
       0
       0
       0
       0
       0
       1
       0
       0
       0
       0
       0
       0
       0
       0
       0
       0
       0
       0
       0
       0
       0
       0
       0
       0
       0
       0
       0
       0
       0
       0
       0
       0
       0
       0
       0
       0
       0
       0
       0
       0
       0
       0
       0
       0
       0
       0
       0
       0
       0
       0
       0
       0
       0
       0
       0
       0
       0
       2
       0
       0
       0
       0
       0
       0
       0
       0
       0
       0
       0
       0
       0
       0
       1
       0
       0
       0
       0
       0
       0
       0
       0
       0
       0
       0
       0
       0
       0
       0
       0
       0
       0
       0
       0
       0
       0
       0
       0
       0
       0
       0
       0
       1
       0
       0
       0
       0
       0
       0
       0
       0
       0
       0
       0
       0
       0
       0
       0
       0
       0
       0
       0
       0
       0
       0
       0
       0
       0
       0
       1
       0
       0
       1
       0
       0
       0
       0
       0
       0
       0
       0
       0
       0
       0
       0
       0
       0
       0
       0
       0
       0
       0
       0
       0
       0
       0
       0
$ROI:
0
$PRESETS:
None
0
0
$ENER_FIT:
0.000000 2.205567
$MCA_CAL:
3
0.000000E+000 2.205567E+000 0.000000E+000 keV
$SHAPE_CAL:
3
0.000000E+000 0.000000E+000 0.000000E+000
