$SPEC_ID:
No sample description was entered.
$SPEC_REM:
DET# 2
DETDESC# SPACESCIENCE8 digiBASE-RH SN 15121449
AP# Maestro Version 7.01
$DATE_MEA:
10/28/2025 13:11:10
$MEAS_TIM:
31 32
$DATA:
0 1023
       0
       0
       0
       0
       0
       0
       0
       0
       0
       0
      28
     321
     413
     391
     292
     281
     208
     170
     141
     116
     105
      91
     108
     102
      96
     100
      96
      97
     115
     108
     119
     122
     112
     133
     135
     132
     141
     134
     142
     118
     131
     136
     115
     126
     136
     119
     125
     149
     127
     123
     125
     121
     131
     109
     109
     127
     124
     127
     140
     124
     136
     119
     111
     147
     135
     114
     129
     113
     133
     126
     125
     130
     133
     148
     140
     141
     141
     143
     157
     146
     154
     167
     170
     140
     142
     151
     143
     158
     155
     135
     148
     141
     147
     117
     132
     130
     121
     118
     138
     115
     129
     124
     123
     103
     127
     102
     111
     121
     113
     118
     113
      87
      99
      99
     103
     104
     114
     114
     101
     100
      92
     103
      80
      80
      90
      96
      88
      81
      80
      88
      94
      85
      95
      76
      77
      82
      91
      86
      73
      71
      73
      72
      74
      55
      68
      73
      62
      88
      60
      67
      49
      62
      73
      82
      52
      68
      71
      56
      79
      65
      53
      75
      58
      57
      49
      60
      58
      64
      61
      51
      53
      62
      54
      54
      44
      60
      56
      61
      52
      45
      60
      62
      50
      50
      58
      55
      47
      47
      34
      38
      43
      43
      45
      35
      52
      55
      39
      47
      38
      33
      26
      33
      49
      28
      30
      42
      26
      39
      25
      30
      28
      23
      26
      28
      26
      12
      26
      39
      26
      17
      17
      22
      22
      22
      17
      19
      19
      19
      17
      15
      17
      16
      22
      20
      14
      22
      12
      21
      16
      23
      20
      21
      20
      25
      31
      37
      33
      51
      49
      48
      52
      54
      61
      64
      85
      92
     110
     100
     133
     119
     168
     161
     188
     213
     243
     221
     246
     300
     311
     338
     358
     366
     380
     428
     428
     455
     469
     443
     503
     555
     532
     578
     585
     594
     557
     606
     542
     564
     567
     522
     557
     530
     467
     464
     439
     451
     365
     397
     335
     334
     312
     305
     278
     254
     223
     218
     203
     177
     161
     155
     126
     121
      76
      81
      75
      68
      56
      54
      42
      22
      24
      39
      27
      23
      14
      12
      11
      14
       6
       7
       3
       7
       4
       6
       5
       3
       3
       3
       0
       2
       2
       1
       1
       1
       3
       0
       0
       2
       0
       0
       1
       1
       2
       1
       1
       3
       0
       0
       0
       0
       0
       0
       0
       1
       1
       1
       0
       1
       4
       5
       1
       2
       0
       1
       1
       1
       1
       0
       1
       0
       0
       0
       0
       1
       1
       1
       0
       1
       1
       1
       0
       3
       0
       2
       0
       1
       0
       2
       1
       2
       1
       2
       2
       0
       1
       3
       1
       3
       1
       2
       1
       2
       2
       3
       0
       0
       0
       0
       0
       0
       0
       1
       3
       0
       1
       0
       1
       1
       0
       0
       1
       0
       1
       0
       2
       2
       1
       1
       1
       1
       0
       0
       1
       0
       0
       2
       0
       0
       1
       0
       1
       1
       1
       1
       1
       1
       2
       1
       2
       1
       0
       0
       0
       0
       0
       1
       0
       2
       1
       0
       1
       0
       0
       1
       0
       1
       1
       3
       0
       0
       2
       2
       1
       0
       0
       0
       0
       0
       1
       0
       0
       0
       1
       1
       0
       1
       0
       0
       0
       0
       1
       0
       3
       0
       0
       0
       0
       1
       0
       0
       1
       1
       0
       0
       3
       0
       0
       1
       0
       1
       0
       2
       0
       0
       0
       0
       0
       0
       0
       0
       1
       1
       1
       1
       0
       3
       0
       1
       0
       2
       1
       0
       1
       1
       1
       0
       0
       1
       0
       0
       0
       2
       0
       0
       0
       0
       0
       3
       0
       0
       0
       0
       0
       0
       0
       0
       2
       0
       1
       1
       1
       0
       1
       0
       1
       0
       0
       0
       2
       1
       0
       1
       0
       0
       1
       0
       2
       0
       1
       1
       1
       0
       1
       1
       1
       0
       0
       0
       0
       0
       2
       1
       2
       1
       2
       0
       0
       0
       2
       1
       1
       0
       1
       1
       2
       1
       0
       0
       2
       7
       0
       0
       0
       0
       0
       1
       1
       1
       0
       3
       1
       0
       2
       1
       2
       1
       0
       1
       0
       2
       1
       0
       0
       0
       3
       2
       0
       0
       1
       0
       0
       1
       0
       0
       0
       1
       1
       0
       0
       1
       0
       0
       0
       0
       0
       0
       0
       0
       0
       0
       0
       1
       0
       0
       1
       0
       0
       0
       0
       0
       0
       0
       1
       0
       0
       0
       0
       0
       0
       0
       0
       0
       2
       0
       0
       2
       0
       0
       0
       0
       0
       0
       1
       0
       0
       0
       0
       0
       0
       0
       0
       0
       0
       0
       0
       0
       0
       0
       0
       0
       0
       0
       0
       0
       0
       0
       0
       0
       0
       0
       0
       0
       0
       0
       1
       0
       0
       0
       0
       0
       0
       0
       0
       1
       0
       0
       0
       1
       1
       0
       1
       0
       0
       0
       1
       0
       0
       0
       2
       0
       0
       0
       0
       0
       0
       1
       1
       0
       0
       0
       0
       0
       0
       0
       0
       0
       0
       0
       0
       0
       0
       0
       0
       0
       0
       1
       1
       0
       1
       0
       0
       0
       0
       2
       0
       2
       0
       0
       0
       0
       0
       0
       0
       0
       0
       0
       0
       0
       0
       0
       0
       1
       0
       0
       0
       0
       0
       0
       0
       0
       0
       0
       0
       0
       0
       0
       0
       0
       0
       0
       0
       1
       0
       0
       0
       0
       0
       0
       0
       0
       0
       0
       0
       0
       0
       0
       0
       0
       0
       0
       0
       0
       0
       0
       0
       0
       0
       0
       0
       0
       0
       0
       0
       0
       0
       0
       0
       0
       0
       0
       0
       0
       0
       0
       0
       0
       0
       0
       0
       0
       0
       0
       0
       0
       0
       0
       0
       0
       1
       0
       0
       0
       1
       0
       0
       0
       0
       0
       0
       0
       0
       0
       1
       0
       0
       0
       0
       0
       0
       0
       0
       0
       0
       0
       0
       0
       0
       0
       0
       0
       0
       0
       0
       0
       0
       0
       0
       0
       0
       0
       0
       0
       0
       0
       0
       0
       1
       0
       0
       0
       0
       0
       0
       0
       0
       0
       0
       0
       1
       0
       0
       0
       0
       0
       1
       1
       0
       0
       1
       0
       0
       0
       0
       0
       0
       0
       0
       0
       0
       0
       0
       0
       0
       0
       0
       0
       0
       0
       0
       0
       0
       0
       0
       0
       0
       0
       0
       1
       0
       0
       0
       0
       0
       0
       0
       0
       0
       0
       0
       0
       0
       0
       0
       0
       0
       0
       0
       0
       0
       0
       0
       0
       0
       0
       0
       0
       0
       0
       0
       0
       0
       0
       0
       0
$ROI:
0
$PRESETS:
None
0
0
$ENER_FIT:
0.000000 2.205567
$MCA_CAL:
3
0.000000E+000 2.205567E+000 0.000000E+000 keV
$SHAPE_CAL:
3
0.000000E+000 0.000000E+000 0.000000E+000
