$SPEC_ID:
No sample description was entered.
$SPEC_REM:
DET# 2
DETDESC# SPACESCIENCE8 digiBASE-RH SN 15121449
AP# Maestro Version 7.01
$DATE_MEA:
10/28/2025 13:12:08
$MEAS_TIM:
31 31
$DATA:
0 1023
       0
       0
       0
       0
       0
       0
       0
       0
       0
       0
      29
     327
     401
     369
     306
     236
     190
     162
     127
      96
     124
     119
      93
      92
     107
      93
     100
     108
     110
      99
     106
     120
     106
     137
     128
     107
     126
     125
     109
     128
     126
     120
     126
     122
     126
     113
     117
     132
     132
     126
     131
     122
     128
     131
     120
     110
     132
     132
     123
     122
     134
     114
     159
     136
     128
     146
     144
     118
     129
     135
     127
     118
     138
     131
     135
     150
     147
     142
     150
     174
     183
     161
     158
     153
     161
     130
     156
     155
     135
     158
     143
     145
     142
     114
     129
     138
     135
     129
     123
     127
     117
     133
     119
     119
     125
     125
     112
     125
     114
     133
     122
     111
     109
     111
     104
     122
     128
      97
      91
     108
      88
      96
     110
      99
      97
     112
     113
      98
      91
      97
      79
      92
      79
      76
     100
     101
      86
      88
      90
      71
      72
      77
      76
      71
      83
      84
      72
      56
      75
      81
      76
      63
      67
      61
      85
      69
      69
      68
      73
      57
      66
      54
      60
      72
      61
      65
      64
      60
      72
      62
      49
      56
      49
      55
      60
      53
      47
      50
      43
      64
      48
      55
      47
      58
      42
      50
      51
      48
      34
      45
      41
      32
      47
      51
      35
      46
      44
      43
      43
      41
      41
      36
      41
      38
      36
      25
      30
      35
      39
      26
      33
      24
      18
      27
      23
      17
      36
      22
      17
      24
      33
      17
      21
      13
      15
      23
      18
      17
      17
      18
      18
      19
      17
      16
      17
      18
      18
      20
      17
      26
      26
      19
      36
      27
      37
      33
      53
      41
      48
      56
      61
      62
      77
      90
     103
     105
     106
     136
     141
     142
     159
     170
     181
     197
     250
     270
     325
     335
     328
     342
     382
     394
     450
     432
     470
     484
     553
     574
     528
     549
     584
     575
     557
     588
     602
     618
     586
     586
     579
     511
     514
     565
     471
     474
     462
     439
     452
     419
     392
     329
     330
     313
     275
     230
     218
     228
     185
     175
     160
     165
     129
     127
      98
      69
      69
      77
      51
      59
      48
      44
      31
      32
      26
      26
      12
      13
      10
      12
      10
       5
       6
       3
       8
       2
       4
       2
       4
       2
       2
       8
       2
       3
       5
       1
       2
       3
       2
       2
       2
       1
       1
       1
       2
       0
       0
       1
       1
       1
       2
       2
       5
       2
       1
       1
       2
       1
       1
       0
       1
       0
       3
       1
       0
       2
       0
       1
       0
       1
       2
       0
       3
       0
       1
       3
       0
       0
       2
       0
       1
       0
       3
       1
       2
       1
       0
       2
       2
       1
       0
       1
       1
       1
       0
       1
       1
       0
       1
       0
       1
       1
       1
       0
       1
       1
       1
       1
       0
       0
       0
       4
       1
       0
       3
       2
       1
       0
       1
       0
       1
       0
       1
       0
       0
       2
       0
       0
       1
       0
       0
       1
       1
       2
       0
       1
       1
       0
       1
       0
       1
       0
       2
       1
       1
       0
       1
       1
       2
       0
       2
       1
       1
       0
       0
       0
       1
       2
       0
       2
       0
       1
       1
       0
       0
       0
       3
       0
       0
       2
       0
       0
       0
       0
       0
       0
       2
       1
       2
       1
       0
       2
       0
       0
       1
       1
       0
       1
       0
       1
       0
       1
       2
       1
       3
       1
       1
       0
       1
       2
       0
       1
       0
       1
       0
       1
       0
       0
       0
       0
       0
       0
       0
       0
       1
       1
       1
       0
       0
       0
       2
       1
       0
       0
       1
       0
       0
       1
       0
       0
       1
       0
       0
       0
       2
       0
       1
       1
       0
       0
       0
       0
       1
       0
       0
       0
       1
       1
       0
       1
       1
       0
       0
       1
       0
       1
       3
       1
       1
       0
       0
       0
       1
       1
       2
       1
       0
       0
       0
       0
       1
       1
       1
       1
       0
       1
       0
       0
       1
       0
       2
       0
       0
       0
       0
       0
       0
       0
       1
       0
       0
       0
       0
       1
       1
       0
       1
       0
       1
       0
       0
       2
       0
       1
       0
       1
       4
       1
       2
       1
       0
       0
       2
       0
       3
       0
       2
       1
       1
       1
       2
       1
       3
       2
       0
       0
       0
       1
       2
       2
       3
       1
       0
       0
       2
       1
       0
       0
       2
       1
       0
       1
       0
       0
       0
       0
       0
       0
       2
       0
       1
       0
       1
       0
       2
       0
       0
       1
       0
       0
       0
       0
       0
       0
       1
       1
       0
       0
       3
       0
       0
       0
       0
       0
       0
       1
       0
       2
       0
       1
       0
       0
       0
       1
       0
       0
       0
       0
       0
       0
       0
       0
       0
       0
       0
       0
       0
       0
       0
       0
       0
       0
       0
       0
       0
       0
       1
       0
       0
       1
       1
       1
       0
       0
       0
       0
       0
       0
       0
       1
       1
       1
       1
       0
       0
       0
       0
       0
       0
       0
       0
       0
       0
       0
       0
       0
       1
       0
       0
       0
       0
       0
       0
       1
       1
       0
       0
       0
       0
       1
       0
       0
       0
       0
       0
       0
       0
       0
       0
       0
       1
       0
       0
       0
       0
       1
       0
       0
       0
       0
       0
       2
       0
       0
       0
       0
       0
       0
       0
       0
       1
       0
       0
       1
       0
       0
       0
       0
       0
       0
       0
       0
       0
       0
       0
       1
       0
       0
       0
       1
       0
       2
       0
       0
       0
       0
       0
       0
       0
       0
       0
       0
       0
       0
       0
       0
       0
       0
       0
       0
       0
       0
       0
       0
       0
       0
       0
       0
       0
       0
       0
       0
       0
       0
       0
       0
       1
       0
       0
       0
       0
       1
       0
       0
       0
       0
       0
       0
       0
       1
       0
       0
       0
       0
       0
       0
       0
       0
       0
       0
       0
       0
       0
       0
       0
       0
       0
       0
       0
       0
       0
       0
       0
       0
       0
       0
       0
       1
       0
       0
       0
       2
       0
       0
       0
       0
       0
       0
       0
       0
       0
       0
       0
       0
       0
       0
       0
       0
       0
       0
       0
       0
       0
       0
       0
       0
       0
       0
       1
       0
       0
       0
       0
       0
       0
       0
       0
       0
       0
       0
       1
       0
       0
       0
       0
       0
       0
       0
       0
       1
       0
       0
       0
       0
       0
       0
       0
       0
       0
       1
       0
       0
       0
       0
       0
       0
       0
       0
       0
       0
       0
       0
       0
       1
       0
       0
       0
       0
       0
       0
       0
       0
       0
       0
       0
       0
       0
       0
       0
       0
       0
       1
       0
       0
       0
       0
       0
       0
       0
       0
       0
       0
       0
       0
       0
       1
       0
       0
       0
       0
       0
       0
       0
       0
       1
       0
       0
       0
       0
       0
       0
       0
       0
       0
       0
       0
       0
       0
       0
       0
       0
       0
       0
       0
       0
       0
$ROI:
0
$PRESETS:
None
0
0
$ENER_FIT:
0.000000 2.205567
$MCA_CAL:
3
0.000000E+000 2.205567E+000 0.000000E+000 keV
$SHAPE_CAL:
3
0.000000E+000 0.000000E+000 0.000000E+000
