$SPEC_ID:
No sample description was entered.
$SPEC_REM:
DET# 2
DETDESC# SPACESCIENCE8 digiBASE-RH SN 15121449
AP# Maestro Version 7.01
$DATE_MEA:
10/28/2025 13:06:43
$MEAS_TIM:
29 29
$DATA:
0 1023
       0
       0
       0
       0
       0
       0
       0
       0
       0
       0
      23
     309
     417
     342
     285
     244
     182
     150
     119
      99
      94
      78
      90
     100
      93
      98
      97
      98
     118
     107
      84
      96
      92
     104
     114
     114
     104
     119
     101
     105
     115
     109
     104
     113
     117
     105
      87
      97
     100
     108
     109
      84
     113
      91
     113
     117
      91
      83
      94
     123
     122
     106
     117
      97
     123
     101
     101
     114
      97
     113
     119
     135
     135
     136
     130
     122
     140
     114
     123
     123
     122
     135
     133
     119
     139
     131
     107
     132
     125
     117
     102
     107
     126
     110
     128
     125
     100
     112
     120
     111
     114
     114
      93
      93
      98
     120
     106
     104
     101
      96
      77
      85
      83
      85
      76
      81
      88
      85
      93
      74
      88
      94
      95
      85
      84
      73
      82
      76
      82
      63
      73
      80
      78
      59
      77
      81
      60
      68
      75
      60
      62
      66
      65
      74
      52
      82
      61
      56
      62
      52
      59
      63
      66
      74
      66
      66
      64
      60
      66
      43
      47
      56
      51
      52
      54
      48
      53
      52
      61
      48
      49
      55
      57
      52
      40
      43
      44
      56
      56
      43
      42
      50
      42
      40
      45
      45
      52
      49
      53
      35
      45
      35
      43
      39
      25
      40
      38
      27
      29
      26
      29
      40
      29
      28
      31
      29
      27
      33
      28
      25
      41
      17
      19
      17
      23
      23
      21
      15
      22
      17
      19
      20
      21
      15
      18
      13
      16
       9
      12
      16
      14
      15
      11
      18
      12
      10
      17
      17
      21
      21
      15
      24
      21
      21
      23
      35
      25
      28
      30
      38
      33
      52
      56
      57
      63
      64
      74
     104
     111
     115
     125
     144
     159
     183
     181
     199
     227
     234
     248
     278
     327
     326
     336
     357
     427
     450
     397
     455
     459
     486
     515
     507
     525
     527
     528
     573
     484
     516
     530
     562
     477
     475
     495
     436
     444
     438
     426
     345
     377
     359
     338
     273
     272
     255
     233
     219
     217
     165
     169
     149
     126
      92
     102
      78
      82
      68
      76
      47
      62
      35
      46
      29
      30
      24
      10
      17
      10
      18
       5
       8
       3
       6
       8
       6
       6
       3
       4
       3
       2
       2
       0
       1
       5
       2
       0
       3
       1
       0
       4
       0
       2
       1
       2
       4
       2
       1
       2
       2
       2
       2
       1
       1
       0
       0
       0
       0
       1
       0
       2
       0
       1
       1
       0
       1
       1
       0
       3
       2
       0
       1
       3
       2
       1
       1
       2
       2
       1
       0
       0
       1
       0
       1
       1
       1
       3
       2
       0
       4
       1
       0
       0
       2
       0
       0
       1
       2
       1
       1
       1
       0
       2
       0
       1
       0
       2
       0
       0
       3
       2
       1
       0
       0
       1
       2
       0
       0
       1
       1
       1
       0
       1
       0
       0
       1
       1
       0
       0
       1
       0
       0
       0
       1
       0
       0
       0
       1
       0
       2
       1
       0
       0
       0
       2
       1
       2
       0
       2
       0
       0
       1
       0
       1
       1
       0
       0
       2
       0
       1
       1
       1
       0
       0
       1
       0
       1
       0
       2
       1
       0
       0
       0
       0
       1
       2
       1
       1
       0
       0
       0
       0
       2
       2
       2
       1
       1
       0
       1
       1
       1
       0
       2
       0
       1
       0
       0
       0
       0
       3
       0
       1
       1
       0
       1
       0
       0
       0
       0
       0
       1
       2
       2
       0
       3
       2
       0
       0
       1
       0
       0
       0
       1
       1
       1
       0
       1
       1
       0
       0
       0
       0
       0
       0
       1
       0
       0
       0
       1
       0
       0
       1
       0
       1
       0
       0
       1
       0
       1
       0
       2
       1
       0
       1
       1
       2
       1
       1
       0
       1
       0
       1
       1
       0
       0
       0
       0
       2
       0
       0
       0
       0
       0
       0
       1
       3
       0
       0
       0
       0
       2
       0
       2
       0
       1
       0
       1
       2
       1
       1
       0
       0
       0
       0
       0
       0
       0
       1
       0
       0
       2
       1
       0
       1
       1
       1
       0
       1
       0
       0
       1
       0
       0
       0
       0
       0
       0
       2
       2
       1
       0
       0
       0
       0
       3
       1
       0
       0
       0
       1
       1
       1
       0
       0
       1
       3
       0
       1
       0
       0
       0
       2
       2
       0
       1
       1
       0
       1
       0
       0
       1
       0
       1
       0
       2
       0
       0
       1
       1
       0
       1
       0
       1
       0
       0
       1
       1
       0
       0
       0
       0
       0
       0
       1
       0
       0
       1
       0
       0
       1
       0
       0
       0
       0
       0
       0
       0
       0
       1
       0
       0
       0
       0
       0
       0
       0
       0
       0
       0
       0
       0
       0
       0
       0
       0
       0
       0
       1
       0
       0
       0
       0
       0
       1
       0
       1
       1
       0
       1
       0
       0
       0
       0
       0
       1
       0
       0
       0
       0
       0
       0
       0
       0
       0
       0
       0
       1
       1
       0
       0
       0
       0
       1
       0
       0
       1
       0
       0
       0
       1
       0
       0
       1
       1
       1
       0
       0
       0
       0
       0
       0
       0
       0
       0
       0
       2
       0
       0
       0
       0
       0
       0
       0
       0
       1
       0
       0
       0
       0
       0
       0
       0
       1
       0
       0
       0
       0
       0
       0
       0
       1
       0
       1
       0
       2
       0
       0
       0
       0
       0
       0
       0
       0
       0
       0
       0
       0
       0
       0
       0
       0
       0
       0
       0
       0
       2
       0
       0
       0
       0
       0
       0
       0
       0
       0
       0
       1
       0
       0
       0
       1
       0
       0
       0
       0
       0
       0
       0
       0
       0
       0
       0
       0
       0
       0
       0
       0
       0
       0
       0
       0
       0
       0
       0
       0
       0
       0
       0
       0
       0
       0
       0
       0
       0
       0
       1
       0
       0
       0
       0
       0
       0
       0
       0
       0
       0
       0
       0
       0
       0
       0
       0
       0
       1
       0
       0
       0
       1
       0
       0
       0
       0
       0
       0
       1
       0
       0
       0
       0
       0
       0
       0
       0
       0
       0
       1
       0
       0
       0
       0
       0
       0
       0
       0
       0
       1
       1
       0
       0
       0
       0
       0
       0
       0
       0
       0
       0
       0
       0
       0
       0
       0
       0
       0
       0
       0
       0
       1
       0
       0
       0
       0
       1
       0
       0
       0
       0
       0
       0
       0
       0
       0
       0
       0
       0
       0
       0
       0
       0
       0
       0
       0
       0
       0
       0
       0
       0
       0
       0
       0
       0
       0
       0
       0
       0
       0
       0
       0
       0
       0
       0
       0
       0
       0
       0
       1
       0
       0
       0
       0
       0
       0
       0
       0
       0
       0
       0
       0
       0
       0
       0
       0
       0
       0
       0
       0
       1
       0
       0
       0
       0
       0
       0
       0
       0
       0
$ROI:
0
$PRESETS:
None
0
0
$ENER_FIT:
0.000000 2.205567
$MCA_CAL:
3
0.000000E+000 2.205567E+000 0.000000E+000 keV
$SHAPE_CAL:
3
0.000000E+000 0.000000E+000 0.000000E+000
