$SPEC_ID:
No sample description was entered.
$SPEC_REM:
DET# 2
DETDESC# SPACESCIENCE8 digiBASE-RH SN 15121449
AP# Maestro Version 7.01
$DATE_MEA:
10/28/2025 13:05:27
$MEAS_TIM:
29 30
$DATA:
0 1023
       0
       0
       0
       0
       0
       0
       0
       0
       0
       0
      37
     316
     451
     415
     342
     252
     208
     160
     149
     110
     107
      78
     105
      96
     100
     118
     109
     119
     125
     107
     122
     105
     100
     123
     123
     110
     128
     116
     127
     122
     109
     115
     122
     101
     111
     126
     116
      97
      99
     129
     112
     123
     106
     120
     131
     114
     124
     132
     101
     124
     130
     100
     125
     116
     115
     121
     124
     110
     120
     136
     138
     106
     122
     139
     131
     147
     135
     148
     144
     162
     151
     158
     156
     141
     147
     139
     138
     144
     137
     129
     138
     140
     137
     136
     129
     128
     116
     121
     118
     143
     110
     131
     124
      93
     130
     116
     115
     105
     124
     121
     106
      96
     104
     114
     100
     103
      99
      88
      94
      86
      98
      92
      84
      86
      75
      94
      96
      70
      86
      85
      87
      74
      86
      86
      85
      83
      74
      77
      79
      79
      93
      77
      71
      83
      75
      74
      76
      68
      58
      74
      53
      60
      62
      53
      66
      51
      68
      47
      48
      57
      58
      57
      50
      66
      39
      69
      59
      44
      64
      54
      40
      54
      50
      44
      51
      50
      59
      54
      57
      51
      45
      58
      51
      41
      48
      37
      53
      50
      39
      53
      42
      34
      39
      41
      44
      41
      37
      46
      38
      37
      44
      20
      47
      38
      36
      35
      31
      34
      33
      30
      15
      27
      30
      20
      22
      17
      18
      35
      18
      18
      27
      21
      20
      24
      26
      16
      21
      19
      15
      24
      14
      22
      15
      19
      18
      19
      28
      15
      13
      24
      24
      17
      23
      31
      35
      40
      32
      38
      50
      38
      54
      51
      64
      84
      82
      94
      97
      99
     121
      98
     146
     169
     166
     181
     212
     256
     255
     254
     321
     340
     339
     360
     375
     413
     478
     474
     446
     478
     488
     454
     524
     545
     594
     571
     527
     590
     611
     558
     548
     538
     544
     533
     552
     519
     492
     451
     432
     429
     420
     365
     341
     320
     296
     273
     260
     194
     201
     187
     170
     137
     140
     113
     115
      98
      76
      90
      83
      57
      53
      41
      43
      29
      22
      32
      13
      13
      21
      16
      11
       9
       5
       6
       6
       2
       3
       2
       3
       0
       2
       1
       3
       1
       3
       0
       0
       1
       4
       2
       0
       3
       1
       2
       1
       1
       3
       0
       2
       0
       2
       1
       1
       3
       0
       4
       3
       1
       0
       0
       0
       0
       0
       1
       1
       1
       1
       1
       1
       0
       0
       1
       3
       2
       1
       0
       1
       3
       0
       0
       0
       1
       3
       0
       0
       0
       2
       1
       0
       0
       1
       1
       0
       0
       1
       1
       0
       0
       0
       1
       0
       0
       1
       1
       2
       0
       1
       0
       1
       1
       2
       0
       0
       0
       0
       1
       0
       2
       1
       0
       1
       0
       2
       2
       0
       1
       0
       2
       1
       1
       0
       0
       0
       0
       0
       0
       2
       0
       1
       0
       0
       2
       1
       0
       0
       0
       1
       0
       0
       3
       0
       0
       2
       2
       1
       0
       1
       0
       3
       1
       1
       0
       2
       0
       1
       1
       1
       1
       0
       0
       0
       0
       0
       0
       0
       0
       0
       1
       2
       0
       2
       1
       1
       1
       1
       0
       0
       0
       0
       1
       1
       0
       0
       0
       2
       0
       1
       0
       0
       1
       0
       3
       2
       0
       0
       0
       0
       0
       1
       1
       1
       1
       1
       1
       0
       0
       0
       0
       1
       1
       0
       1
       0
       0
       1
       0
       1
       0
       0
       0
       0
       0
       2
       1
       2
       0
       0
       1
       1
       0
       2
       0
       0
       0
       1
       1
       0
       0
       0
       0
       0
       0
       0
       0
       0
       2
       2
       1
       0
       0
       0
       1
       0
       2
       0
       1
       1
       1
       0
       0
       0
       1
       1
       0
       1
       2
       1
       0
       0
       0
       1
       1
       0
       1
       0
       2
       0
       0
       2
       0
       0
       1
       1
       0
       1
       1
       0
       0
       0
       0
       0
       1
       0
       0
       0
       0
       1
       1
       1
       0
       1
       2
       2
       2
       3
       2
       1
       3
       0
       1
       1
       0
       0
       0
       1
       1
       3
       2
       0
       0
       0
       1
       2
       0
       0
       2
       0
       2
       2
       0
       2
       1
       2
       0
       1
       0
       0
       0
       1
       1
       1
       0
       0
       1
       1
       1
       2
       1
       0
       0
       0
       0
       1
       0
       0
       0
       0
       1
       1
       0
       0
       0
       0
       0
       0
       0
       0
       0
       1
       0
       0
       0
       0
       0
       0
       0
       0
       1
       0
       0
       1
       1
       0
       0
       0
       0
       0
       0
       0
       0
       0
       0
       1
       0
       0
       1
       0
       0
       0
       0
       0
       0
       0
       0
       0
       2
       1
       0
       0
       0
       1
       0
       0
       0
       0
       0
       0
       0
       0
       0
       1
       1
       0
       1
       0
       0
       0
       0
       0
       1
       0
       0
       0
       0
       0
       0
       1
       0
       0
       0
       0
       0
       0
       0
       0
       0
       0
       0
       0
       1
       0
       0
       0
       0
       0
       0
       0
       0
       1
       1
       0
       0
       0
       0
       0
       0
       0
       0
       0
       0
       0
       0
       0
       0
       0
       1
       0
       0
       0
       0
       1
       0
       0
       0
       0
       0
       0
       0
       0
       1
       0
       0
       0
       0
       0
       0
       0
       0
       0
       0
       0
       1
       0
       0
       0
       0
       0
       0
       0
       0
       0
       0
       0
       0
       0
       0
       1
       0
       0
       0
       0
       0
       0
       0
       0
       0
       0
       0
       0
       0
       1
       0
       0
       0
       0
       0
       1
       0
       0
       0
       0
       0
       0
       0
       0
       0
       0
       0
       0
       0
       0
       1
       0
       0
       0
       0
       0
       0
       0
       0
       0
       0
       0
       0
       0
       0
       0
       0
       0
       0
       0
       0
       0
       0
       0
       0
       0
       0
       0
       0
       0
       0
       0
       0
       0
       0
       0
       0
       0
       0
       0
       0
       0
       0
       0
       0
       0
       0
       0
       0
       0
       0
       0
       0
       0
       0
       0
       0
       0
       1
       1
       0
       0
       0
       0
       0
       0
       0
       0
       0
       0
       0
       0
       0
       0
       0
       0
       0
       0
       0
       0
       0
       0
       0
       1
       0
       0
       0
       0
       0
       0
       0
       0
       0
       0
       0
       0
       0
       0
       0
       0
       0
       0
       0
       0
       0
       0
       0
       0
       0
       0
       0
       0
       0
       0
       0
       0
       0
       0
       0
       0
       0
       0
       0
       0
       0
       0
       0
       0
       0
       0
       0
       0
       0
       0
       0
       0
       0
       0
       0
       0
       0
       0
       0
       0
       0
       0
       0
       0
       0
       0
       0
       0
       0
       0
       0
$ROI:
0
$PRESETS:
None
0
0
$ENER_FIT:
0.000000 2.205567
$MCA_CAL:
3
0.000000E+000 2.205567E+000 0.000000E+000 keV
$SHAPE_CAL:
3
0.000000E+000 0.000000E+000 0.000000E+000
