$SPEC_ID:
No sample description was entered.
$SPEC_REM:
DET# 2
DETDESC# SPACESCIENCE8 digiBASE-RH SN 15121449
AP# Maestro Version 7.01
$DATE_MEA:
10/28/2025 13:04:27
$MEAS_TIM:
30 30
$DATA:
0 1023
       0
       0
       0
       0
       0
       0
       0
       0
       0
       0
      29
     348
     405
     406
     353
     302
     211
     179
     140
     114
     123
     113
     118
     104
     116
     107
     109
     120
      96
     106
     132
     122
     118
     117
     135
     141
     135
     135
     125
     126
     130
     119
     115
     130
     131
     131
     121
     125
     120
     130
     128
     118
     124
     145
     125
     129
     134
     151
     133
     114
     157
     128
     128
     123
     116
     121
     119
     131
     143
     160
     152
     144
     158
     151
     142
     158
     176
     163
     165
     188
     171
     163
     167
     150
     177
     155
     141
     159
     141
     115
     153
     149
     173
     154
     125
     126
     120
     134
     118
     142
     140
     134
     119
     125
     154
     126
     116
     119
     105
     121
     128
     108
     112
     113
     121
     123
     106
     114
     105
     113
     100
     118
      98
      92
      99
     102
     105
      93
      93
      86
     100
      99
      94
      92
      95
      75
      85
      70
      82
      80
      95
      98
      77
      81
      77
      76
      64
      72
      72
      81
      90
      76
      71
      82
      72
      73
      66
      81
      84
      60
      70
      69
      65
      59
      50
      65
      64
      67
      81
      60
      61
      66
      46
      52
      67
      52
      60
      66
      56
      58
      65
      58
      54
      54
      53
      53
      47
      49
      50
      56
      50
      47
      46
      48
      41
      44
      37
      46
      45
      31
      33
      27
      29
      48
      27
      37
      36
      32
      37
      34
      28
      26
      33
      24
      27
      35
      22
      20
      26
      18
      16
      15
      23
      23
      16
      28
      12
      20
      20
      24
      19
      18
      19
      13
      23
      23
      23
      22
      23
      27
      23
      28
      30
      29
      29
      37
      51
      38
      53
      59
      60
      54
      58
      88
      95
     106
     126
     126
     139
     153
     157
     177
     218
     233
     247
     271
     286
     301
     328
     359
     398
     389
     453
     453
     473
     557
     529
     601
     587
     635
     632
     650
     666
     685
     666
     661
     677
     624
     652
     637
     619
     575
     568
     543
     495
     495
     511
     463
     462
     396
     416
     341
     327
     325
     296
     265
     236
     212
     204
     151
     133
     145
     114
     107
      84
      83
      65
      77
      59
      66
      35
      37
      30
      22
      28
      14
      18
       9
      10
      10
       8
      10
       5
       6
       3
       2
       4
       1
       2
       3
       0
       3
       1
       6
       3
       0
       1
       0
       1
       1
       0
       3
       3
       1
       1
       1
       2
       0
       2
       2
       2
       1
       3
       1
       1
       1
       1
       1
       1
       2
       2
       2
       0
       1
       2
       0
       2
       0
       1
       1
       1
       4
       1
       2
       3
       0
       0
       2
       2
       2
       1
       0
       0
       0
       1
       3
       1
       0
       0
       0
       2
       1
       1
       3
       2
       2
       1
       1
       0
       0
       3
       3
       2
       2
       1
       0
       0
       1
       1
       0
       0
       0
       3
       0
       1
       0
       1
       1
       0
       0
       3
       0
       1
       0
       0
       3
       2
       1
       0
       0
       1
       2
       1
       0
       1
       0
       0
       0
       2
       0
       0
       1
       0
       1
       0
       3
       0
       0
       1
       1
       1
       2
       2
       3
       0
       3
       0
       0
       2
       1
       0
       1
       0
       0
       0
       2
       0
       1
       0
       0
       2
       1
       1
       0
       0
       1
       0
       2
       0
       1
       1
       0
       1
       0
       2
       2
       0
       1
       1
       2
       0
       0
       0
       1
       1
       0
       0
       1
       1
       0
       0
       0
       0
       0
       2
       2
       0
       0
       1
       0
       0
       0
       1
       0
       0
       0
       1
       0
       0
       2
       1
       1
       2
       0
       1
       3
       0
       3
       0
       1
       1
       2
       0
       2
       0
       0
       1
       0
       1
       0
       1
       0
       0
       0
       0
       2
       0
       1
       0
       0
       0
       0
       0
       0
       1
       1
       0
       0
       0
       1
       0
       1
       0
       0
       0
       0
       0
       1
       1
       0
       0
       0
       0
       0
       1
       0
       0
       1
       0
       0
       0
       1
       0
       0
       1
       1
       0
       1
       0
       0
       3
       0
       0
       1
       1
       0
       0
       2
       1
       2
       0
       0
       0
       1
       0
       0
       0
       0
       0
       1
       1
       3
       1
       0
       3
       2
       0
       2
       1
       1
       3
       1
       0
       2
       1
       5
       2
       0
       0
       0
       1
       2
       1
       3
       1
       0
       0
       1
       1
       1
       1
       0
       0
       0
       3
       1
       0
       0
       1
       0
       0
       0
       1
       0
       0
       0
       0
       0
       1
       0
       0
       1
       1
       0
       0
       0
       1
       0
       0
       0
       1
       0
       1
       0
       1
       0
       0
       0
       0
       0
       0
       0
       0
       0
       0
       0
       1
       0
       0
       0
       0
       0
       0
       0
       1
       0
       0
       0
       0
       0
       0
       0
       1
       0
       0
       0
       0
       0
       0
       0
       0
       2
       0
       1
       0
       1
       1
       0
       0
       0
       0
       0
       0
       0
       0
       0
       0
       1
       2
       0
       0
       0
       0
       0
       0
       1
       0
       0
       1
       0
       0
       0
       0
       0
       0
       0
       0
       1
       1
       0
       0
       1
       0
       1
       0
       0
       0
       0
       0
       0
       0
       1
       0
       1
       0
       0
       0
       0
       0
       0
       0
       0
       0
       0
       0
       0
       0
       0
       0
       0
       0
       0
       0
       0
       0
       0
       1
       0
       0
       0
       0
       0
       0
       0
       0
       0
       0
       0
       0
       0
       1
       0
       0
       0
       0
       0
       0
       0
       0
       0
       0
       0
       1
       0
       0
       0
       0
       0
       0
       0
       0
       0
       0
       0
       0
       0
       0
       0
       0
       0
       0
       0
       0
       1
       0
       0
       0
       0
       0
       0
       0
       0
       0
       0
       0
       0
       0
       0
       0
       0
       0
       0
       0
       0
       0
       0
       0
       0
       0
       0
       0
       0
       0
       0
       0
       0
       0
       0
       0
       0
       0
       0
       0
       0
       0
       0
       0
       0
       0
       0
       0
       0
       0
       0
       0
       1
       0
       0
       0
       0
       0
       0
       0
       0
       1
       0
       1
       0
       0
       0
       0
       0
       0
       0
       0
       1
       0
       0
       0
       0
       0
       0
       0
       0
       0
       0
       0
       1
       0
       0
       0
       0
       0
       0
       0
       0
       0
       0
       0
       0
       0
       0
       0
       0
       0
       0
       0
       0
       0
       0
       0
       1
       0
       0
       0
       0
       1
       0
       0
       0
       0
       0
       0
       1
       0
       0
       0
       0
       0
       0
       0
       0
       1
       0
       0
       0
       1
       0
       0
       0
       0
       0
       0
       0
       0
       0
       0
       0
       0
       0
       0
       0
       0
       0
       0
       0
       0
       0
       1
       0
       0
       0
       0
       0
       0
       0
       0
       0
       0
       0
       1
       0
       0
       0
       0
       0
       0
       0
       0
       0
       1
       0
       0
       0
$ROI:
0
$PRESETS:
None
0
0
$ENER_FIT:
0.000000 2.205567
$MCA_CAL:
3
0.000000E+000 2.205567E+000 0.000000E+000 keV
$SHAPE_CAL:
3
0.000000E+000 0.000000E+000 0.000000E+000
