$SPEC_ID:
No sample description was entered.
$SPEC_REM:
DET# 2
DETDESC# SPACESCIENCE8 digiBASE-RH SN 15121449
AP# Maestro Version 7.01
$DATE_MEA:
10/28/2025 13:03:19
$MEAS_TIM:
30 30
$DATA:
0 1023
       0
       0
       0
       0
       0
       0
       0
       0
       0
       0
      36
     351
     488
     412
     344
     325
     221
     216
     149
     127
     117
      92
     109
     115
     106
     105
     112
     119
     119
     113
     112
     123
     137
     127
     134
     133
     143
     140
     145
     130
     105
     133
     115
     126
     110
     134
     125
     124
     124
     124
     149
     118
     125
     127
     129
     122
     158
     148
     131
     139
     133
     134
     146
     134
     108
     128
     126
     147
     137
     164
     148
     146
     141
     182
     141
     170
     173
     156
     159
     168
     180
     149
     162
     181
     158
     154
     151
     144
     142
     159
     155
     166
     158
     159
     160
     142
     143
     150
     149
     138
     138
     138
     130
     135
     163
     135
     156
     115
     115
     124
     149
     121
     131
     130
     115
     124
     142
     138
     121
     114
     110
     127
     121
      95
     115
     118
     114
     126
     101
      92
      87
     100
      99
     100
      88
      92
      96
      91
      86
      78
      87
      97
      80
      92
      87
      85
      85
      92
      82
      78
      80
      54
      90
      72
      77
      69
      65
      70
      61
      92
      66
      59
      62
      68
      67
      77
      65
      73
      58
      66
      68
      69
      78
      62
      60
      58
      61
      51
      54
      57
      58
      55
      45
      43
      51
      51
      47
      45
      48
      59
      50
      50
      49
      45
      42
      51
      47
      45
      33
      40
      44
      44
      49
      36
      44
      36
      55
      23
      37
      33
      30
      30
      23
      32
      21
      32
      30
      18
      23
      39
      17
      27
      26
      25
      24
      18
      26
      14
      20
      26
      17
      21
      23
      23
      16
      24
      36
      26
      24
      32
      31
      29
      31
      38
      46
      35
      51
      34
      43
      61
      57
      65
      86
      83
      99
     101
     118
     148
     171
     163
     190
     204
     221
     269
     307
     294
     341
     333
     380
     403
     422
     474
     520
     537
     554
     594
     594
     633
     646
     616
     642
     694
     687
     668
     704
     714
     713
     718
     771
     697
     668
     697
     605
     566
     561
     546
     519
     485
     490
     434
     414
     410
     339
     337
     298
     270
     266
     255
     215
     191
     156
     150
     154
     117
     114
      83
      91
      57
      58
      45
      38
      41
      27
      27
      23
      24
      26
      19
      16
       6
       7
       8
       7
       3
      10
       3
       5
       1
       4
       1
       0
       3
       1
       1
       1
       1
       1
       4
       3
       2
       3
       0
       1
       3
       2
       1
       1
       0
       0
       1
       0
       1
       0
       0
       0
       3
       2
       1
       0
       0
       1
       0
       0
       0
       0
       0
       0
       1
       0
       1
       1
       0
       1
       1
       1
       0
       1
       1
       1
       2
       1
       3
       1
       1
       2
       2
       2
       1
       0
       1
       2
       0
       0
       0
       0
       4
       0
       0
       0
       1
       0
       3
       4
       0
       3
       1
       1
       2
       1
       1
       2
       1
       0
       0
       2
       1
       1
       1
       3
       0
       0
       4
       3
       0
       0
       0
       1
       2
       0
       0
       1
       1
       2
       0
       1
       2
       1
       2
       1
       1
       0
       1
       1
       0
       2
       1
       1
       0
       2
       0
       0
       0
       2
       1
       0
       2
       1
       0
       0
       1
       1
       1
       0
       2
       0
       0
       1
       0
       1
       1
       0
       0
       1
       0
       3
       0
       0
       0
       2
       1
       1
       1
       1
       0
       1
       1
       0
       0
       1
       2
       1
       0
       1
       2
       1
       0
       0
       1
       0
       0
       1
       1
       1
       1
       1
       1
       1
       4
       1
       2
       2
       0
       1
       0
       0
       2
       0
       0
       0
       0
       1
       0
       0
       0
       0
       1
       1
       0
       1
       1
       2
       0
       1
       0
       1
       0
       0
       1
       1
       1
       2
       1
       0
       1
       1
       0
       1
       1
       0
       0
       1
       0
       0
       1
       0
       0
       1
       0
       2
       1
       0
       0
       0
       0
       1
       1
       1
       3
       2
       0
       1
       0
       2
       0
       1
       2
       1
       0
       0
       0
       0
       1
       1
       1
       1
       0
       0
       1
       2
       0
       1
       0
       0
       4
       0
       0
       0
       0
       1
       0
       0
       0
       2
       0
       0
       2
       1
       0
       1
       2
       0
       0
       1
       3
       0
       1
       0
       2
       0
       2
       0
       0
       1
       0
       2
       0
       1
       1
       1
       1
       3
       0
       0
       0
       1
       0
       1
       0
       1
       0
       0
       0
       1
       0
       1
       0
       2
       0
       0
       1
       0
       0
       0
       1
       1
       1
       0
       1
       0
       0
       0
       1
       2
       0
       0
       0
       0
       0
       0
       0
       1
       1
       0
       0
       1
       1
       0
       0
       0
       0
       0
       0
       0
       1
       0
       1
       0
       0
       0
       1
       0
       0
       0
       0
       0
       0
       0
       0
       1
       0
       1
       0
       0
       1
       0
       0
       1
       0
       0
       0
       0
       0
       0
       0
       0
       0
       0
       0
       1
       0
       0
       0
       0
       1
       1
       0
       0
       0
       0
       1
       0
       0
       0
       0
       1
       0
       0
       0
       0
       0
       0
       0
       1
       0
       0
       0
       1
       0
       1
       0
       0
       0
       0
       0
       0
       0
       0
       0
       2
       0
       0
       1
       0
       0
       0
       0
       0
       0
       0
       0
       0
       0
       0
       0
       1
       0
       0
       0
       0
       0
       0
       0
       0
       0
       0
       0
       0
       0
       0
       0
       0
       0
       0
       0
       0
       0
       0
       0
       0
       0
       0
       0
       0
       0
       0
       0
       0
       0
       0
       0
       0
       0
       0
       0
       0
       0
       0
       0
       0
       0
       0
       0
       0
       0
       0
       0
       0
       0
       0
       0
       0
       0
       0
       0
       0
       0
       0
       0
       0
       0
       0
       0
       0
       0
       0
       0
       0
       0
       0
       0
       0
       0
       0
       0
       0
       1
       0
       0
       0
       0
       1
       0
       0
       0
       0
       0
       0
       0
       0
       0
       0
       0
       1
       0
       0
       0
       0
       0
       0
       0
       0
       0
       0
       0
       0
       0
       0
       0
       0
       0
       0
       0
       0
       0
       0
       0
       0
       0
       0
       1
       1
       1
       0
       0
       0
       0
       0
       0
       0
       0
       0
       0
       0
       0
       0
       0
       0
       0
       0
       0
       0
       0
       0
       0
       0
       1
       0
       1
       0
       0
       0
       0
       0
       0
       0
       0
       0
       0
       0
       0
       0
       0
       0
       0
       0
       0
       0
       0
       1
       0
       0
       0
       0
       0
       0
       0
       1
       0
       0
       0
       0
       0
       0
       0
       0
       0
       0
       0
       0
       0
       0
       0
       0
       2
       0
       0
       0
       0
       0
       0
       0
       0
       0
       0
       1
       0
       1
       0
       0
       0
       0
       0
       0
       0
       0
       0
       0
       0
       0
       0
       0
       0
       0
       0
       0
       0
       0
       0
       0
       0
       0
       0
       0
       0
$ROI:
0
$PRESETS:
None
0
0
$ENER_FIT:
0.000000 2.205567
$MCA_CAL:
3
0.000000E+000 2.205567E+000 0.000000E+000 keV
$SHAPE_CAL:
3
0.000000E+000 0.000000E+000 0.000000E+000
