$SPEC_ID:
No sample description was entered.
$SPEC_REM:
DET# 2
DETDESC# SPACESCIENCE8 digiBASE-RH SN 15121449
AP# Maestro Version 7.01
$DATE_MEA:
10/28/2025 13:01:35
$MEAS_TIM:
29 30
$DATA:
0 1023
       0
       0
       0
       0
       0
       0
       0
       0
       0
       0
      34
     354
     502
     434
     352
     257
     219
     185
     163
     131
      96
     117
     104
     111
     103
     117
     122
     135
     127
     114
     129
     128
     142
     128
     114
     136
     135
     117
     151
     126
     108
     154
     117
     135
     122
     117
     128
     103
     138
     137
     123
     144
     115
     146
     132
     160
     136
     158
     148
     177
     121
     136
     146
     149
     126
     143
     140
     158
     133
     148
     138
     128
     148
     170
     148
     145
     152
     163
     172
     160
     157
     212
     178
     176
     176
     180
     175
     177
     193
     180
     181
     170
     162
     129
     174
     157
     153
     158
     163
     174
     163
     171
     153
     151
     149
     132
     145
     144
     133
     141
     151
     167
     141
     124
     141
     128
     154
     113
     124
     118
     133
     110
     142
     124
     128
     124
     125
     110
      98
     128
      96
      97
     110
      77
     101
     102
     103
     134
      85
      80
      99
      95
      96
     101
      79
      94
      96
     100
      69
      91
      86
      96
      75
      90
      83
      76
      88
      63
      74
      72
      75
      72
      79
      80
      77
      65
      61
      60
      86
      65
      66
      68
      66
      66
      64
      54
      70
      46
      50
      53
      50
      53
      57
      65
      70
      63
      50
      64
      49
      52
      41
      52
      52
      52
      50
      59
      44
      54
      59
      48
      47
      56
      48
      30
      37
      28
      39
      37
      41
      37
      34
      35
      35
      36
      25
      20
      26
      31
      30
      28
      21
      18
      20
      23
      30
      24
      22
      24
      21
      19
      24
      15
      13
      25
      20
      22
      32
      27
      39
      22
      40
      32
      41
      40
      45
      46
      50
      53
      64
      72
      82
      87
      94
      75
     119
     119
     145
     151
     192
     201
     208
     244
     254
     289
     305
     351
     364
     391
     430
     473
     535
     468
     598
     603
     590
     634
     653
     702
     787
     742
     755
     797
     734
     762
     817
     809
     765
     757
     747
     762
     783
     737
     719
     669
     634
     580
     581
     555
     504
     520
     451
     376
     394
     380
     338
     312
     288
     241
     221
     203
     193
     171
     144
     130
     124
      97
      87
      82
      65
      53
      44
      50
      38
      24
      22
      22
      21
      16
      16
       6
      11
      14
       9
       4
       5
       4
       3
       5
       2
       3
       1
       1
       2
       1
       3
       0
       1
       1
       1
       3
       1
       0
       0
       0
       1
       3
       0
       2
       1
       1
       1
       0
       0
       0
       0
       3
       0
       0
       2
       1
       1
       0
       1
       1
       0
       1
       1
       2
       1
       2
       1
       0
       4
       1
       1
       0
       0
       1
       1
       0
       1
       0
       1
       1
       1
       2
       2
       2
       0
       0
       1
       1
       2
       0
       0
       2
       4
       1
       3
       0
       1
       2
       1
       1
       0
       2
       1
       0
       0
       0
       1
       2
       2
       1
       0
       0
       0
       1
       1
       0
       1
       1
       1
       1
       0
       2
       0
       3
       0
       0
       1
       1
       0
       0
       1
       1
       1
       2
       0
       1
       0
       2
       0
       1
       0
       1
       1
       0
       1
       0
       1
       1
       0
       0
       0
       0
       0
       0
       0
       1
       1
       0
       2
       0
       1
       0
       1
       0
       2
       2
       2
       3
       1
       0
       1
       0
       1
       0
       1
       0
       0
       0
       2
       1
       0
       3
       1
       4
       0
       2
       0
       3
       1
       0
       0
       0
       2
       2
       0
       0
       1
       0
       0
       2
       0
       0
       1
       0
       1
       0
       1
       0
       0
       0
       2
       1
       1
       1
       0
       0
       3
       1
       1
       0
       1
       0
       0
       2
       2
       1
       0
       1
       0
       0
       0
       0
       0
       1
       1
       0
       0
       0
       0
       1
       0
       0
       0
       2
       0
       0
       0
       0
       0
       5
       0
       0
       2
       1
       1
       1
       1
       0
       0
       1
       0
       0
       1
       0
       0
       0
       1
       0
       0
       0
       0
       0
       2
       0
       0
       1
       0
       0
       0
       1
       1
       0
       4
       0
       2
       1
       0
       0
       0
       2
       0
       1
       2
       1
       0
       0
       0
       1
       1
       2
       2
       0
       0
       0
       1
       2
       1
       0
       0
       0
       1
       3
       1
       0
       1
       1
       3
       2
       1
       0
       0
       2
       1
       0
       0
       1
       1
       1
       2
       1
       1
       1
       0
       1
       2
       1
       1
       1
       1
       0
       0
       1
       0
       1
       1
       1
       0
       0
       1
       0
       1
       0
       0
       2
       0
       0
       1
       0
       0
       0
       0
       2
       0
       0
       2
       1
       0
       1
       0
       1
       0
       0
       2
       0
       0
       0
       0
       0
       0
       0
       0
       0
       1
       0
       0
       0
       0
       0
       0
       0
       0
       0
       0
       1
       0
       0
       0
       1
       0
       0
       0
       0
       0
       1
       0
       0
       0
       0
       0
       0
       0
       0
       0
       0
       1
       0
       0
       0
       0
       0
       0
       0
       0
       0
       0
       0
       0
       1
       0
       0
       0
       0
       1
       0
       0
       0
       0
       0
       0
       0
       0
       0
       0
       0
       0
       0
       0
       1
       0
       0
       0
       0
       0
       0
       0
       0
       0
       0
       0
       1
       0
       0
       0
       0
       0
       0
       1
       0
       0
       1
       3
       0
       1
       0
       1
       0
       0
       0
       1
       0
       0
       0
       0
       0
       0
       0
       0
       0
       0
       0
       0
       0
       0
       0
       0
       0
       0
       1
       0
       0
       0
       0
       1
       0
       0
       0
       0
       0
       0
       0
       0
       0
       0
       0
       0
       0
       0
       0
       0
       0
       0
       0
       0
       0
       0
       1
       0
       0
       0
       0
       0
       0
       0
       0
       0
       0
       0
       0
       0
       0
       0
       0
       0
       0
       0
       0
       0
       0
       0
       0
       0
       0
       0
       0
       0
       0
       0
       0
       1
       1
       0
       0
       0
       0
       1
       0
       0
       1
       0
       0
       0
       0
       1
       0
       0
       0
       0
       0
       0
       0
       0
       1
       0
       0
       0
       0
       0
       0
       0
       0
       0
       0
       0
       0
       0
       0
       0
       0
       0
       0
       0
       0
       0
       0
       0
       0
       1
       0
       0
       0
       0
       0
       0
       0
       0
       0
       0
       0
       0
       0
       1
       0
       0
       1
       0
       0
       0
       0
       0
       0
       0
       0
       0
       0
       0
       0
       0
       0
       0
       0
       0
       0
       0
       0
       0
       0
       0
       0
       0
       0
       0
       0
       0
       0
       0
       0
       0
       0
       0
       0
       0
       0
       0
       0
       0
       0
       0
       0
       0
       0
       0
       0
       0
       0
       0
       0
       1
       0
       0
       0
       0
       0
       0
       0
       0
       0
       0
       0
       0
       0
       0
       0
       0
       0
       0
       0
       0
       0
       0
       0
       0
       0
       0
       0
       0
       0
       0
       0
       0
       0
$ROI:
0
$PRESETS:
None
0
0
$ENER_FIT:
0.000000 2.205567
$MCA_CAL:
3
0.000000E+000 2.205567E+000 0.000000E+000 keV
$SHAPE_CAL:
3
0.000000E+000 0.000000E+000 0.000000E+000
