$SPEC_ID:
No sample description was entered.
$SPEC_REM:
DET# 2
DETDESC# SPACESCIENCE8 digiBASE-RH SN 15121449
AP# Maestro Version 7.01
$DATE_MEA:
10/28/2025 13:00:04
$MEAS_TIM:
31 32
$DATA:
0 1023
       0
       0
       0
       0
       0
       0
       0
       0
       0
       0
      41
     421
     517
     491
     397
     326
     230
     208
     184
     135
     122
     121
     106
     130
     122
     110
     135
     125
     126
     130
     154
     147
     135
     171
     150
     182
     141
     133
     143
     145
     151
     153
     133
     165
     155
     151
     152
     145
     195
     149
     175
     173
     164
     153
     170
     140
     148
     145
     156
     156
     147
     155
     149
     155
     159
     155
     175
     163
     170
     192
     152
     187
     169
     192
     178
     177
     190
     204
     202
     196
     197
     219
     206
     225
     169
     222
     181
     201
     215
     208
     196
     214
     199
     193
     196
     171
     191
     177
     199
     173
     199
     137
     177
     190
     191
     172
     162
     178
     171
     169
     175
     155
     150
     164
     158
     141
     132
     156
     159
     142
     140
     141
     156
     145
     151
     144
     132
     149
     128
     127
     129
     138
     133
     119
      97
     126
     135
     131
     106
     135
     112
     101
     120
     100
     100
     108
      95
      92
      97
      94
      96
      84
      94
      94
      87
      89
      75
      84
      74
      79
      72
      91
      68
      78
      77
      76
      65
      85
      85
      84
      55
      64
      77
      67
      74
      57
      71
      66
      66
      70
      66
      58
      62
      68
      58
      51
      46
      58
      60
      81
      71
      67
      51
      44
      49
      53
      45
      57
      59
      41
      43
      45
      48
      42
      47
      45
      41
      37
      34
      35
      40
      29
      25
      34
      31
      31
      33
      27
      24
      20
      15
      28
      25
      23
      18
      21
      25
      18
      23
      22
      16
      31
      33
      28
      31
      21
      22
      27
      27
      41
      39
      34
      35
      53
      54
      66
      68
      67
      67
      66
      91
     101
     112
     136
     132
     159
     175
     215
     229
     255
     253
     265
     304
     344
     376
     396
     491
     476
     527
     573
     540
     616
     684
     686
     704
     760
     836
     864
     876
     871
     948
     927
     902
     921
     932
     855
     920
     944
     949
     893
     869
     856
     814
     803
     710
     689
     674
     583
     613
     554
     542
     456
     483
     432
     385
     319
     307
     266
     287
     247
     196
     171
     161
     163
     129
     104
      96
      88
      67
      64
      64
      50
      37
      37
      28
      27
      27
      21
      22
      16
       4
       9
       7
       8
       5
       6
       3
       3
       3
       3
       5
       2
       0
       3
       4
       1
       0
       2
       1
       1
       0
       2
       2
       1
       1
       3
       3
       1
       2
       3
       2
       1
       1
       3
       0
       0
       1
       3
       1
       0
       1
       1
       1
       1
       0
       0
       3
       1
       2
       1
       2
       1
       1
       0
       2
       0
       5
       1
       0
       0
       2
       1
       0
       1
       0
       4
       0
       0
       2
       1
       2
       1
       1
       1
       2
       0
       1
       0
       1
       1
       0
       2
       0
       2
       0
       0
       0
       1
       2
       1
       1
       0
       1
       0
       1
       0
       1
       2
       0
       1
       0
       1
       0
       2
       1
       2
       0
       1
       0
       2
       0
       2
       0
       2
       1
       1
       1
       1
       1
       1
       1
       2
       2
       0
       0
       1
       1
       1
       1
       1
       1
       0
       0
       3
       0
       1
       0
       0
       1
       0
       0
       0
       0
       1
       2
       1
       1
       0
       1
       1
       0
       0
       0
       2
       1
       1
       1
       2
       1
       1
       0
       1
       2
       1
       2
       0
       1
       1
       2
       1
       4
       1
       0
       0
       0
       1
       0
       0
       0
       0
       1
       0
       0
       1
       0
       2
       1
       1
       1
       0
       1
       0
       0
       1
       3
       2
       0
       0
       0
       0
       0
       1
       0
       0
       0
       1
       1
       2
       1
       0
       3
       1
       1
       0
       2
       0
       0
       1
       1
       0
       0
       0
       1
       0
       0
       2
       1
       1
       0
       0
       0
       1
       3
       1
       2
       1
       0
       0
       0
       1
       2
       0
       0
       1
       0
       1
       0
       0
       1
       1
       1
       0
       1
       1
       0
       1
       1
       0
       0
       1
       1
       0
       0
       2
       0
       2
       1
       0
       0
       1
       1
       2
       2
       1
       1
       1
       0
       2
       0
       0
       1
       0
       1
       1
       1
       0
       1
       1
       3
       2
       1
       1
       1
       0
       2
       2
       1
       2
       1
       2
       0
       1
       2
       0
       2
       0
       1
       1
       1
       1
       0
       1
       1
       0
       2
       2
       1
       1
       1
       0
       1
       1
       1
       0
       1
       0
       2
       0
       1
       1
       0
       0
       1
       0
       0
       1
       0
       0
       1
       0
       2
       0
       0
       0
       2
       0
       1
       0
       0
       0
       0
       1
       0
       1
       1
       0
       1
       0
       1
       0
       0
       0
       0
       0
       0
       0
       1
       0
       0
       1
       0
       0
       0
       0
       0
       0
       0
       0
       0
       0
       0
       0
       0
       1
       1
       0
       2
       0
       0
       0
       0
       0
       0
       0
       1
       0
       1
       0
       1
       0
       0
       0
       0
       0
       0
       1
       1
       0
       0
       1
       0
       0
       0
       1
       0
       0
       0
       0
       2
       1
       0
       0
       1
       0
       0
       0
       0
       0
       1
       0
       1
       0
       0
       1
       0
       0
       1
       0
       0
       0
       0
       0
       0
       0
       0
       0
       0
       0
       1
       1
       1
       0
       0
       0
       0
       1
       0
       0
       0
       1
       1
       1
       0
       1
       0
       0
       1
       0
       0
       1
       1
       1
       0
       0
       1
       0
       0
       0
       0
       1
       0
       1
       0
       0
       0
       0
       0
       0
       0
       1
       0
       0
       0
       0
       0
       0
       0
       0
       0
       0
       0
       0
       0
       0
       0
       0
       0
       0
       1
       1
       0
       0
       0
       0
       0
       0
       0
       0
       0
       0
       0
       0
       0
       0
       0
       0
       0
       0
       0
       0
       0
       0
       0
       0
       0
       0
       1
       0
       0
       0
       0
       0
       1
       0
       0
       0
       1
       0
       0
       0
       0
       0
       0
       0
       0
       0
       0
       0
       0
       0
       0
       0
       0
       0
       0
       0
       0
       0
       0
       0
       1
       0
       0
       0
       1
       0
       0
       0
       0
       0
       0
       0
       0
       0
       0
       0
       0
       0
       0
       0
       0
       0
       0
       0
       0
       0
       0
       0
       0
       1
       0
       0
       0
       0
       0
       0
       1
       0
       0
       0
       0
       0
       0
       0
       0
       0
       0
       0
       0
       0
       0
       0
       0
       0
       0
       0
       0
       0
       0
       0
       0
       0
       0
       1
       0
       0
       0
       0
       0
       0
       0
       0
       0
       0
       0
       0
       0
       0
       0
       0
       0
       0
       0
       0
       0
       0
       0
       0
       0
       0
       0
       0
       0
       0
       0
       0
       0
       0
       0
       0
       0
       0
       0
       0
       0
       0
       0
       0
       0
       1
       0
       0
       0
       0
       0
       0
       0
       0
       0
       0
       0
       0
       0
       0
$ROI:
0
$PRESETS:
None
0
0
$ENER_FIT:
0.000000 2.205567
$MCA_CAL:
3
0.000000E+000 2.205567E+000 0.000000E+000 keV
$SHAPE_CAL:
3
0.000000E+000 0.000000E+000 0.000000E+000
