$SPEC_ID:
No sample description was entered.
$SPEC_REM:
DET# 1
DETDESC# SPACESCIENCE4 digiBASE-RH SN 15121435
AP# Maestro Version 7.01
$DATE_MEA:
10/28/2025 12:09:51
$MEAS_TIM:
30 30
$DATA:
0 1023
       0
       0
       0
       0
       0
       0
       0
       0
       0
       0
       0
       0
       0
       0
       0
      10
     136
     255
     197
     132
     121
      90
      96
      71
      90
      64
      75
      76
      89
      79
      82
      77
      68
      96
      75
      84
      78
      79
     100
      90
      97
      98
     127
      88
      87
     100
     116
     114
     121
     100
     116
     106
     112
     123
     134
     121
      96
     107
     115
     109
     115
     121
     105
     119
     116
     109
     121
     119
     122
     107
     101
     105
     126
     100
     107
     121
     106
     130
     132
     128
     152
     136
     114
     135
     108
     132
     140
     120
     111
     127
     143
     116
     126
     114
     117
     119
     131
     112
     112
     123
     131
     109
     130
     114
     136
     107
     102
     109
      95
     110
     127
      87
     100
      92
      96
      89
      84
      87
      79
      98
     102
      86
      84
      87
     103
      85
      75
      77
      87
      70
      84
      82
      67
      85
      64
      81
      65
      68
      77
      71
      96
      57
      91
      82
      68
      85
      73
      72
      58
      67
      66
      80
      57
      72
      65
      77
      67
      73
      73
      66
      71
      65
      70
      66
      66
      59
      57
      51
      66
      61
      87
      63
      67
      50
      65
      69
      58
      57
      43
      54
      44
      74
      55
      55
      60
      47
      55
      75
      45
      52
      62
      65
      57
      44
      65
      51
      50
      52
      41
      53
      51
      51
      55
      45
      35
      44
      36
      42
      32
      33
      36
      35
      30
      21
      21
      24
      32
      24
      27
      29
      25
      25
      24
      25
      23
      19
      20
      17
      19
      14
      16
      24
      17
      12
       6
      12
      14
      11
       9
       9
      10
      14
      10
      16
      12
      15
       8
      14
       8
      12
      11
       9
      20
      25
      18
      14
      22
      16
      23
      30
      35
      24
      35
      35
      52
      45
      64
      65
      63
      70
      71
      86
     100
      79
      90
      96
     126
     114
     122
     113
     132
     161
     143
     169
     152
     157
     148
     193
     163
     173
     136
     159
     156
     151
     155
     123
     142
     135
     117
     120
     119
     117
     114
     113
      86
     106
      85
      92
      63
      74
      69
      66
      59
      48
      54
      55
      54
      49
      34
      32
      35
      40
      33
      31
      29
      21
      34
      29
      22
      26
      21
      15
      19
      20
      28
      14
      16
      19
       9
       6
       8
       8
       7
       9
       5
       6
       5
       5
       2
       5
       2
       2
       2
       5
       5
       3
       2
       4
       1
       4
       1
       1
       2
       3
       0
       1
       3
       3
       2
       2
       0
       2
       0
       1
       0
       0
       2
       0
       0
       2
       0
       1
       1
       1
       0
       0
       1
       0
       0
       0
       2
       0
       0
       0
       0
       0
       1
       0
       1
       1
       1
       0
       3
       1
       1
       2
       1
       0
       2
       0
       0
       0
       1
       1
       0
       0
       1
       0
       0
       0
       3
       0
       1
       1
       0
       1
       2
       0
       0
       1
       0
       2
       2
       0
       0
       0
       0
       1
       0
       1
       1
       0
       3
       0
       1
       0
       0
       0
       0
       1
       0
       0
       1
       0
       1
       0
       0
       0
       0
       0
       0
       1
       0
       0
       1
       2
       0
       1
       0
       0
       0
       2
       0
       0
       0
       1
       0
       0
       1
       0
       1
       1
       0
       0
       2
       0
       0
       0
       0
       0
       1
       0
       1
       0
       1
       0
       0
       0
       2
       1
       0
       0
       1
       2
       1
       0
       1
       0
       0
       0
       1
       1
       0
       1
       4
       0
       0
       0
       0
       1
       0
       1
       0
       0
       0
       0
       0
       0
       0
       1
       0
       0
       0
       0
       0
       0
       0
       0
       0
       0
       0
       1
       0
       0
       0
       0
       0
       0
       0
       1
       0
       0
       1
       0
       0
       0
       0
       0
       0
       1
       0
       0
       0
       0
       0
       1
       0
       0
       0
       0
       0
       0
       0
       0
       0
       0
       1
       0
       0
       0
       0
       0
       0
       1
       0
       0
       0
       0
       0
       0
       0
       0
       0
       0
       0
       0
       0
       1
       0
       0
       0
       1
       0
       0
       0
       0
       0
       1
       2
       0
       0
       1
       1
       1
       1
       0
       0
       1
       0
       0
       0
       1
       2
       0
       0
       0
       0
       0
       1
       1
       1
       0
       0
       0
       0
       0
       1
       0
       0
       0
       0
       0
       0
       0
       0
       0
       0
       3
       0
       1
       0
       0
       0
       0
       0
       0
       1
       0
       0
       0
       0
       1
       1
       3
       0
       0
       1
       0
       0
       0
       0
       0
       0
       0
       0
       0
       0
       0
       0
       0
       1
       1
       0
       1
       0
       0
       0
       0
       1
       0
       0
       0
       0
       0
       0
       0
       0
       0
       0
       0
       0
       0
       0
       0
       0
       1
       0
       0
       0
       1
       0
       0
       0
       0
       0
       0
       0
       0
       0
       0
       0
       0
       0
       0
       0
       0
       0
       0
       0
       0
       0
       1
       0
       0
       0
       0
       0
       0
       0
       0
       0
       0
       1
       0
       0
       0
       2
       0
       0
       0
       0
       0
       0
       1
       0
       0
       0
       0
       0
       0
       0
       0
       0
       0
       0
       0
       0
       0
       0
       0
       0
       0
       0
       0
       0
       0
       1
       0
       0
       0
       0
       0
       0
       0
       0
       0
       0
       0
       0
       0
       0
       0
       0
       0
       0
       0
       0
       0
       0
       0
       0
       0
       0
       0
       0
       0
       0
       0
       0
       0
       0
       0
       0
       0
       1
       1
       0
       0
       0
       0
       0
       0
       0
       0
       0
       0
       0
       0
       0
       1
       0
       0
       0
       0
       0
       0
       1
       0
       0
       0
       1
       0
       0
       0
       0
       0
       0
       0
       0
       0
       0
       0
       0
       0
       0
       0
       0
       0
       0
       0
       0
       0
       0
       0
       0
       0
       0
       0
       0
       1
       0
       0
       0
       0
       0
       0
       0
       0
       0
       0
       0
       0
       0
       0
       0
       0
       0
       0
       0
       0
       0
       0
       0
       0
       0
       0
       0
       1
       0
       0
       0
       0
       0
       0
       0
       0
       0
       0
       0
       0
       0
       0
       0
       0
       0
       0
       0
       0
       0
       0
       0
       0
       0
       0
       0
       0
       0
       0
       0
       0
       0
       0
       0
       0
       0
       0
       0
       0
       0
       0
       0
       0
       0
       0
       0
       0
       0
       0
       0
       0
       1
       0
       0
       0
       0
       0
       0
       0
       0
       0
       0
       0
       1
       0
       0
       0
       0
       0
       0
       0
       0
       0
       0
       0
       0
       0
       0
       0
       0
       0
       0
       0
       0
       0
       0
       0
       0
       0
       0
       0
       0
       0
       0
       0
       0
       0
       0
       0
       0
       0
       0
       0
       0
       0
       0
       0
       0
       0
       0
       0
       0
       0
       0
       0
       0
       0
       0
       0
       0
       0
       0
       0
       0
       0
$ROI:
0
$PRESETS:
None
0
0
$ENER_FIT:
-10.130505 2.230151
$MCA_CAL:
3
-1.013050E+001 2.230151E+000 -7.695740E-005 keV
$SHAPE_CAL:
3
6.128848E+000 7.994157E-002 -1.373380E-004
