$SPEC_ID:
No sample description was entered.
$SPEC_REM:
DET# 1
DETDESC# SPACESCIENCE4 digiBASE-RH SN 15121435
AP# Maestro Version 7.01
$DATE_MEA:
10/28/2025 12:10:47
$MEAS_TIM:
33 33
$DATA:
0 1023
       0
       0
       0
       0
       0
       0
       0
       0
       0
       0
       0
       0
       0
       0
       0
       4
     129
     225
     192
     155
     125
      98
      82
      75
      80
      78
      74
      93
      80
      82
      92
      84
      84
      80
      96
     112
     114
     107
     106
      94
     111
     116
     107
     115
     111
     118
     115
     131
     116
     111
     129
     125
     128
     131
     124
     153
     146
     123
     144
     115
     128
     140
     139
     132
     123
     118
     146
     132
     128
     146
     127
     140
     116
     143
     123
     117
     148
     130
     146
     145
     134
     144
     129
     130
     139
     153
     136
     139
     154
     181
     134
     148
     138
     157
     146
     154
     139
     144
     131
     135
     131
     159
     123
     127
     124
     127
     130
     128
     116
     115
     114
     132
      99
     116
     122
     128
     111
     113
     110
     112
      92
     103
     102
     116
     106
     106
      99
      91
      82
      83
      90
     104
      83
      78
      74
      76
      72
      90
      94
      79
      82
      99
      72
      73
      60
      70
      71
      66
      75
      76
      79
      89
      70
      88
      82
      85
      77
      62
      69
      79
      86
      69
      76
      66
      72
      65
      73
      61
      64
      64
      76
      62
      57
      77
      60
      72
      64
      73
      59
      86
      61
      72
      63
      66
      60
      62
      64
      68
      67
      72
      68
      55
      50
      55
      49
      61
      51
      57
      53
      66
      62
      55
      37
      42
      42
      52
      45
      48
      40
      55
      26
      28
      39
      36
      36
      31
      28
      26
      22
      31
      25
      22
      12
      20
      21
      14
      22
      18
      21
      16
      22
      13
      13
      20
      20
      15
      12
      17
      14
      13
      11
      15
      11
      15
      22
      13
      13
      11
      11
      11
      20
      18
      15
      20
      26
      16
      25
      21
      35
      38
      44
      37
      36
      43
      57
      57
      62
      66
      75
      81
      76
     115
      91
     131
      93
     110
     140
     128
     140
     134
     154
     164
     145
     161
     177
     159
     192
     173
     201
     186
     206
     185
     203
     155
     192
     153
     144
     112
     155
     151
     113
     119
     135
     115
     110
      90
      92
      84
      82
      72
      85
      74
      73
      57
      61
      63
      51
      52
      50
      35
      42
      36
      29
      24
      29
      19
      27
      30
      21
      30
      24
      23
      19
      22
      13
      20
      21
      18
      18
      12
       6
      13
       6
       6
       7
       5
       8
       8
       8
       6
       3
       3
       8
       1
       2
       5
       1
       1
       2
       3
       1
       2
       8
       2
       0
       0
       3
       2
       1
       2
       2
       0
       1
       3
       1
       1
       0
       2
       1
       0
       3
       1
       1
       2
       1
       0
       1
       2
       0
       0
       1
       0
       0
       0
       1
       2
       0
       0
       0
       1
       1
       1
       0
       0
       0
       0
       0
       0
       0
       1
       0
       0
       0
       0
       1
       1
       0
       0
       0
       0
       0
       0
       0
       0
       0
       0
       1
       0
       0
       0
       0
       0
       1
       1
       0
       1
       0
       0
       1
       0
       1
       0
       0
       0
       0
       0
       1
       0
       0
       2
       1
       0
       0
       0
       0
       0
       1
       1
       1
       1
       1
       0
       0
       0
       4
       0
       0
       1
       1
       0
       1
       0
       2
       1
       0
       0
       0
       2
       1
       0
       1
       0
       0
       0
       2
       0
       0
       0
       0
       1
       0
       0
       0
       1
       1
       0
       0
       1
       1
       0
       2
       0
       0
       0
       0
       0
       1
       1
       0
       0
       1
       0
       0
       0
       0
       1
       0
       0
       1
       0
       0
       0
       1
       0
       0
       0
       0
       1
       0
       0
       0
       1
       0
       0
       0
       0
       2
       0
       0
       0
       1
       0
       1
       0
       0
       1
       0
       0
       0
       0
       1
       0
       0
       1
       0
       1
       0
       0
       2
       0
       0
       1
       1
       0
       0
       0
       1
       0
       0
       0
       0
       0
       0
       0
       0
       0
       1
       0
       0
       0
       0
       0
       0
       0
       0
       0
       0
       1
       1
       0
       0
       0
       0
       0
       0
       0
       0
       0
       0
       0
       0
       0
       0
       0
       1
       0
       1
       0
       0
       0
       0
       1
       0
       1
       0
       0
       0
       1
       0
       1
       0
       2
       0
       1
       1
       0
       0
       0
       0
       0
       0
       0
       0
       0
       0
       1
       0
       0
       0
       0
       1
       0
       0
       1
       0
       0
       0
       0
       0
       1
       0
       0
       0
       0
       0
       0
       0
       0
       0
       0
       0
       2
       1
       1
       0
       0
       0
       1
       0
       0
       1
       0
       2
       0
       1
       0
       0
       0
       0
       1
       1
       0
       0
       0
       0
       0
       1
       2
       0
       1
       0
       0
       0
       0
       0
       0
       0
       0
       0
       0
       0
       1
       0
       0
       0
       0
       0
       0
       0
       0
       0
       0
       0
       1
       0
       0
       0
       0
       0
       0
       0
       0
       0
       0
       0
       0
       0
       0
       0
       1
       0
       0
       1
       0
       0
       0
       0
       0
       0
       1
       0
       0
       0
       0
       0
       0
       0
       0
       0
       0
       0
       0
       1
       0
       0
       0
       0
       1
       0
       0
       1
       1
       0
       0
       0
       0
       0
       0
       0
       0
       0
       0
       0
       0
       0
       0
       0
       0
       0
       0
       0
       0
       0
       0
       0
       0
       0
       0
       0
       0
       0
       0
       0
       0
       0
       0
       0
       0
       0
       0
       1
       0
       0
       0
       0
       0
       0
       0
       0
       0
       0
       0
       0
       0
       0
       0
       0
       0
       1
       0
       0
       0
       0
       0
       0
       0
       0
       0
       0
       0
       0
       0
       0
       0
       0
       0
       0
       0
       0
       0
       0
       0
       0
       0
       0
       0
       0
       0
       0
       0
       0
       0
       0
       0
       0
       0
       0
       0
       0
       0
       0
       0
       0
       0
       0
       0
       1
       0
       0
       0
       0
       0
       0
       1
       0
       0
       0
       0
       0
       0
       0
       0
       0
       0
       0
       0
       0
       1
       0
       0
       0
       0
       0
       0
       0
       0
       0
       0
       0
       0
       0
       0
       0
       0
       0
       0
       0
       0
       0
       0
       0
       0
       0
       0
       0
       0
       0
       0
       0
       0
       0
       0
       0
       0
       0
       0
       0
       0
       0
       0
       0
       0
       0
       0
       0
       0
       0
       0
       1
       0
       0
       0
       0
       0
       0
       0
       1
       0
       0
       0
       0
       0
       0
       0
       0
       0
       0
       0
       0
       1
       0
       0
       0
       0
       0
       0
       0
       0
       0
       0
       0
       0
       1
       0
       0
       0
       0
       0
       0
       1
       0
       0
       0
       0
       0
       0
       0
       0
       0
       1
       0
       0
       0
       1
       0
       0
       0
       0
       0
       0
       0
       0
       0
       0
       0
       0
       0
       0
       0
       0
       0
       0
       0
       0
       0
       0
       0
       0
       0
       0
       0
       0
       0
       0
$ROI:
0
$PRESETS:
None
0
0
$ENER_FIT:
-10.130505 2.230151
$MCA_CAL:
3
-1.013050E+001 2.230151E+000 -7.695740E-005 keV
$SHAPE_CAL:
3
6.128848E+000 7.994157E-002 -1.373380E-004
