$SPEC_ID:
No sample description was entered.
$SPEC_REM:
DET# 1
DETDESC# SPACESCIENCE4 digiBASE-RH SN 15121435
AP# Maestro Version 7.01
$DATE_MEA:
10/28/2025 12:11:47
$MEAS_TIM:
39 39
$DATA:
0 1023
       0
       0
       0
       0
       0
       0
       0
       0
       0
       0
       0
       0
       0
       0
       0
       9
     196
     257
     239
     176
     142
     137
     111
     101
     102
      88
     108
      92
      93
     111
     105
     112
     101
     104
     109
     117
     125
     134
     125
     132
     145
     153
     156
     137
     142
     163
     151
     155
     142
     141
     151
     160
     147
     146
     156
     157
     152
     170
     151
     158
     156
     158
     154
     159
     136
     160
     150
     173
     167
     157
     166
     158
     169
     160
     151
     156
     138
     158
     182
     174
     176
     168
     160
     175
     165
     172
     163
     182
     194
     156
     167
     178
     193
     168
     173
     202
     177
     183
     178
     168
     164
     167
     181
     169
     182
     155
     157
     164
     149
     150
     158
     125
     153
     169
     141
     136
     152
     136
     138
     144
     119
     114
     113
     124
     133
     115
     122
     117
     111
     104
     117
     116
     120
     105
     108
     121
     105
     102
      99
     112
     108
      85
      99
     106
      99
     123
      78
      96
      96
      92
     100
      88
      87
      93
      90
      97
      66
      84
      99
      80
      97
      98
      86
      96
      88
      84
      89
      90
      83
      75
      73
     116
      85
      96
      66
      86
      88
      82
      67
      79
      70
      92
      67
      94
      75
      87
      80
      83
      98
      81
      69
      67
      72
      73
      60
      79
      78
      59
      53
      55
      73
      51
      53
      59
      54
      53
      36
      43
      48
      45
      44
      47
      44
      32
      33
      28
      27
      33
      37
      42
      19
      25
      27
      23
      27
      19
      18
      22
      17
      21
      14
      20
      18
      15
      22
      11
      14
      11
      16
      17
      12
      17
      13
      15
      11
      25
      13
      14
      18
      15
      23
      25
      16
      19
      18
      34
      32
      25
      37
      34
      40
      43
      50
      61
      68
      77
      83
     106
     104
     107
      98
     131
     138
     160
     134
     157
     187
     151
     165
     169
     200
     189
     213
     183
     199
     211
     213
     220
     231
     234
     210
     204
     209
     193
     203
     189
     198
     200
     184
     185
     147
     134
     173
     119
     117
     148
     118
     114
      83
     105
      92
     107
      84
      77
      60
      61
      62
      61
      60
      50
      48
      39
      45
      56
      42
      30
      40
      30
      30
      25
      29
      26
      20
      21
      16
      21
      16
      24
      15
      16
      19
       6
       7
      11
      18
       9
       9
       7
      10
      10
       7
       5
       3
       5
       2
       1
       2
       3
       1
       5
       1
       3
       3
       1
       0
       2
       2
       3
       4
       1
       3
       1
       2
       1
       2
       0
       0
       2
       0
       1
       0
       0
       0
       1
       0
       0
       1
       0
       1
       3
       0
       0
       0
       1
       1
       0
       1
       0
       0
       1
       0
       1
       1
       3
       0
       0
       1
       0
       0
       0
       0
       1
       0
       0
       0
       1
       0
       0
       0
       1
       2
       0
       0
       1
       0
       1
       1
       0
       0
       0
       0
       1
       0
       1
       1
       0
       0
       1
       1
       0
       0
       0
       2
       0
       0
       1
       0
       1
       0
       0
       0
       0
       2
       1
       0
       1
       0
       0
       0
       1
       1
       1
       0
       0
       1
       1
       0
       1
       1
       0
       0
       0
       0
       0
       0
       1
       0
       1
       0
       2
       1
       0
       1
       0
       0
       1
       0
       0
       2
       2
       1
       0
       0
       0
       0
       1
       0
       0
       0
       2
       0
       0
       1
       0
       0
       0
       0
       0
       0
       0
       0
       0
       1
       0
       0
       0
       0
       1
       0
       2
       0
       1
       0
       0
       0
       1
       0
       1
       0
       0
       0
       0
       1
       0
       0
       0
       0
       0
       0
       0
       0
       0
       0
       0
       0
       0
       1
       0
       0
       0
       1
       0
       1
       2
       0
       0
       0
       0
       1
       0
       0
       2
       0
       0
       0
       0
       0
       1
       1
       0
       0
       0
       0
       0
       1
       0
       0
       0
       0
       1
       0
       0
       0
       0
       0
       0
       0
       0
       0
       1
       1
       0
       1
       0
       0
       0
       0
       1
       1
       1
       0
       0
       0
       1
       0
       1
       0
       1
       0
       0
       1
       0
       0
       0
       0
       0
       0
       0
       0
       0
       1
       0
       0
       1
       0
       0
       0
       1
       1
       0
       1
       0
       0
       0
       0
       1
       0
       0
       1
       0
       1
       1
       0
       0
       1
       2
       2
       0
       0
       0
       2
       0
       0
       0
       0
       1
       1
       0
       0
       1
       1
       0
       0
       0
       1
       0
       0
       0
       0
       0
       0
       0
       0
       0
       0
       0
       0
       0
       0
       0
       0
       0
       0
       0
       0
       0
       1
       0
       0
       0
       0
       0
       0
       0
       0
       0
       0
       0
       0
       0
       1
       1
       0
       0
       0
       0
       0
       1
       0
       1
       0
       0
       0
       0
       0
       0
       0
       0
       0
       0
       0
       0
       1
       0
       1
       0
       0
       0
       0
       0
       0
       0
       0
       0
       0
       0
       0
       0
       0
       0
       0
       0
       0
       0
       0
       0
       0
       0
       0
       1
       1
       0
       0
       1
       0
       0
       1
       0
       0
       0
       0
       0
       0
       0
       0
       0
       0
       0
       0
       0
       0
       0
       0
       0
       1
       0
       0
       0
       0
       0
       1
       0
       0
       0
       1
       0
       0
       0
       0
       1
       0
       0
       0
       0
       1
       0
       1
       0
       0
       0
       0
       1
       0
       0
       0
       0
       0
       0
       0
       0
       0
       0
       0
       0
       0
       0
       0
       0
       0
       0
       0
       0
       0
       0
       0
       0
       0
       0
       0
       0
       1
       0
       0
       0
       0
       0
       0
       0
       0
       0
       0
       0
       0
       0
       0
       0
       0
       0
       0
       0
       0
       0
       0
       0
       0
       0
       1
       0
       0
       0
       0
       0
       0
       0
       0
       0
       0
       0
       0
       0
       0
       0
       0
       0
       0
       0
       0
       0
       0
       0
       0
       0
       0
       0
       0
       0
       0
       0
       0
       0
       0
       0
       0
       0
       0
       0
       0
       0
       0
       0
       0
       0
       0
       0
       0
       0
       0
       0
       0
       0
       0
       0
       0
       0
       1
       0
       0
       0
       0
       0
       0
       0
       0
       0
       0
       0
       0
       0
       0
       0
       0
       0
       0
       0
       0
       0
       0
       0
       0
       0
       0
       0
       0
       0
       0
       0
       0
       0
       0
       0
       0
       0
       0
       0
       0
       0
       0
       0
       0
       0
       0
       0
       0
       0
       0
       0
       0
       0
       0
       0
       0
       0
       0
       0
       0
       0
       0
       0
       0
       0
       0
       0
       0
       0
       0
       0
       0
       0
       0
       0
       0
       0
       0
       0
       0
       0
       0
       0
       0
       0
       0
       0
       0
       0
       0
       0
       0
       0
       0
       0
       0
       0
       0
       0
       0
       0
       0
       0
       0
       0
       0
       0
       0
       0
$ROI:
0
$PRESETS:
None
0
0
$ENER_FIT:
-10.130505 2.230151
$MCA_CAL:
3
-1.013050E+001 2.230151E+000 -7.695740E-005 keV
$SHAPE_CAL:
3
6.128848E+000 7.994157E-002 -1.373380E-004
