$SPEC_ID:
No sample description was entered.
$SPEC_REM:
DET# 1
DETDESC# SPACESCIENCE4 digiBASE-RH SN 15121435
AP# Maestro Version 7.01
$DATE_MEA:
10/28/2025 12:12:58
$MEAS_TIM:
32 32
$DATA:
0 1023
       0
       0
       0
       0
       0
       0
       0
       0
       0
       0
       0
       0
       0
       0
       0
       2
     126
     195
     162
     124
     128
     107
      77
     102
      90
      71
      90
      87
     103
      96
     105
      96
      98
     107
     101
      94
     111
     122
     123
     133
     121
     122
     124
     136
     107
     137
     126
     111
     133
     134
     119
     104
     145
     153
     137
     136
     131
     129
     129
     109
     133
     130
     135
     152
     163
     139
     139
     130
     127
     147
     128
     111
     142
     119
     134
     126
     142
     132
     153
     144
     157
     148
     148
     140
     152
     163
     160
     151
     160
     140
     169
     153
     163
     147
     134
     158
     148
     139
     152
     154
     139
     136
     157
     152
     135
     119
     136
     149
     146
     143
     134
     151
     136
     115
     144
     140
     135
     123
     114
     116
      99
     111
     105
     113
      97
      95
     120
     105
     101
     104
      94
      84
     113
      99
      83
     101
      95
     101
     102
      81
      82
      91
      89
      82
      80
      98
      78
      89
      85
      85
      85
      77
      82
      83
      81
      82
      86
      72
      80
      81
      84
      86
      66
      57
      85
      79
      80
      83
      74
      88
      86
      90
      64
      82
      62
      78
      63
      84
      68
      81
      71
      77
      73
      81
      64
      62
      65
      80
      80
      57
      59
      57
      60
      54
      49
      56
      72
      51
      58
      51
      61
      35
      54
      46
      53
      44
      38
      36
      48
      34
      32
      30
      31
      32
      30
      38
      24
      22
      19
      24
      21
      21
      22
      22
      19
      17
      24
      22
      27
      14
      18
      12
      14
      21
      12
      16
       9
      12
      17
      14
      19
      23
      14
      17
      17
       8
      34
      20
      16
      16
      23
      23
      23
      23
      16
      26
      20
      18
      34
      35
      36
      42
      52
      44
      76
      49
      80
      64
      87
      85
      96
      96
      99
     121
     113
     123
     127
     139
     183
     167
     157
     157
     191
     179
     172
     175
     188
     174
     180
     197
     173
     198
     181
     185
     183
     172
     177
     157
     161
     162
     136
     161
     139
     139
     105
     109
     104
     107
      96
      93
      91
      84
      93
      75
      71
      56
      66
      57
      53
      43
      46
      43
      49
      40
      40
      39
      31
      29
      40
      26
      31
      23
      18
      19
      31
      27
      24
      24
      17
      21
      15
      18
      16
      10
      15
       8
      11
       8
       8
       7
       9
      11
       4
       5
       6
       3
       4
       0
       4
       3
       2
       2
       1
       0
       1
       3
       0
       0
       2
       0
       1
       0
       0
       2
       2
       1
       1
       0
       0
       0
       1
       2
       2
       0
       0
       0
       0
       0
       1
       1
       2
       0
       0
       1
       1
       0
       0
       0
       2
       0
       1
       1
       0
       0
       2
       1
       0
       0
       0
       1
       3
       0
       0
       0
       1
       0
       0
       0
       1
       0
       0
       0
       0
       0
       0
       1
       1
       1
       1
       0
       0
       1
       0
       0
       1
       0
       0
       0
       0
       0
       0
       0
       1
       0
       0
       1
       0
       0
       1
       0
       0
       0
       0
       0
       0
       0
       0
       0
       0
       0
       0
       0
       0
       0
       0
       0
       0
       0
       1
       1
       2
       1
       0
       0
       1
       1
       0
       1
       0
       0
       1
       0
       1
       0
       0
       0
       0
       0
       1
       0
       1
       1
       1
       1
       0
       0
       1
       1
       0
       0
       0
       0
       0
       1
       0
       0
       0
       1
       1
       1
       0
       1
       0
       1
       0
       0
       0
       0
       2
       0
       1
       1
       0
       1
       0
       0
       0
       0
       0
       1
       1
       0
       0
       0
       0
       0
       0
       0
       0
       0
       0
       0
       0
       0
       0
       0
       0
       0
       0
       0
       0
       0
       0
       1
       0
       0
       0
       0
       0
       0
       0
       0
       1
       0
       0
       0
       0
       1
       0
       0
       0
       1
       2
       0
       0
       1
       0
       0
       0
       0
       0
       1
       0
       0
       0
       1
       0
       0
       0
       0
       0
       1
       0
       0
       1
       0
       0
       0
       0
       1
       0
       0
       0
       0
       0
       0
       0
       0
       0
       0
       0
       1
       1
       0
       0
       0
       0
       0
       0
       0
       1
       1
       1
       1
       0
       0
       0
       0
       1
       0
       0
       1
       0
       1
       0
       0
       1
       1
       0
       0
       0
       0
       2
       0
       2
       0
       0
       0
       0
       1
       0
       1
       0
       0
       0
       0
       0
       0
       0
       0
       1
       0
       0
       0
       0
       0
       0
       0
       0
       0
       0
       0
       0
       0
       0
       1
       0
       0
       0
       0
       0
       0
       0
       0
       0
       1
       1
       0
       0
       0
       0
       1
       0
       0
       0
       0
       0
       0
       0
       2
       0
       0
       0
       0
       0
       0
       0
       0
       0
       0
       0
       1
       2
       0
       0
       0
       0
       0
       0
       0
       0
       0
       0
       0
       0
       0
       1
       0
       0
       1
       0
       0
       0
       0
       0
       0
       0
       0
       0
       0
       0
       0
       0
       0
       0
       0
       0
       0
       0
       1
       0
       0
       0
       0
       0
       0
       0
       0
       1
       0
       0
       0
       0
       0
       0
       0
       0
       0
       0
       0
       0
       0
       0
       0
       0
       0
       0
       0
       0
       0
       0
       0
       0
       0
       0
       0
       0
       0
       0
       0
       0
       0
       0
       0
       0
       0
       0
       0
       0
       0
       0
       0
       0
       0
       1
       0
       0
       0
       0
       0
       0
       0
       0
       0
       0
       0
       0
       0
       0
       0
       0
       0
       0
       0
       0
       0
       0
       0
       0
       0
       0
       0
       0
       0
       0
       0
       0
       0
       0
       0
       0
       0
       0
       0
       1
       0
       0
       0
       0
       0
       0
       0
       0
       0
       0
       0
       0
       0
       1
       0
       0
       0
       0
       0
       0
       0
       0
       0
       0
       0
       0
       0
       0
       0
       0
       0
       0
       0
       0
       0
       0
       0
       0
       0
       0
       0
       0
       0
       0
       0
       0
       0
       0
       0
       0
       0
       0
       0
       0
       0
       0
       0
       0
       0
       0
       0
       0
       0
       0
       0
       0
       0
       0
       0
       0
       0
       0
       0
       0
       0
       0
       0
       1
       0
       0
       0
       0
       0
       0
       0
       0
       0
       0
       0
       0
       0
       0
       0
       0
       0
       0
       0
       1
       0
       0
       0
       0
       0
       0
       0
       0
       0
       0
       0
       0
       0
       0
       0
       0
       0
       0
       0
       0
       0
       0
       0
       0
       0
       0
       0
       0
       0
       0
       0
       0
       0
       0
       0
       0
       0
       0
       0
       0
       0
       0
       0
       0
       0
       0
       0
       0
       0
       0
       0
       0
       0
       0
       0
       0
       0
       0
       0
       0
       0
       0
       0
       0
       0
       0
       0
       0
       0
       1
       0
       0
       0
       0
       0
       0
       0
       0
       0
       0
       0
$ROI:
0
$PRESETS:
None
0
0
$ENER_FIT:
-10.130505 2.230151
$MCA_CAL:
3
-1.013050E+001 2.230151E+000 -7.695740E-005 keV
$SHAPE_CAL:
3
6.128848E+000 7.994157E-002 -1.373380E-004
