$SPEC_ID:
No sample description was entered.
$SPEC_REM:
DET# 1
DETDESC# SPACESCIENCE4 digiBASE-RH SN 15121435
AP# Maestro Version 7.01
$DATE_MEA:
10/28/2025 12:13:56
$MEAS_TIM:
33 33
$DATA:
0 1023
       0
       0
       0
       0
       0
       0
       0
       0
       0
       0
       0
       0
       0
       0
       0
       5
     165
     221
     215
     175
     141
     113
     104
      85
      89
      77
     107
     102
      99
     110
     101
     105
     111
      99
     107
     102
     120
     116
     131
     133
     117
     130
     137
     154
     117
     133
     148
     146
     126
     117
     147
     135
     139
     153
     185
     148
     127
     159
     142
     154
     148
     127
     165
     159
     164
     134
     152
     127
     142
     148
     150
     148
     149
     141
     136
     161
     165
     136
     186
     152
     157
     174
     162
     139
     193
     161
     173
     175
     178
     168
     178
     173
     163
     177
     186
     193
     190
     164
     163
     158
     170
     169
     176
     163
     161
     133
     169
     165
     155
     144
     138
     147
     164
     134
     129
     139
     155
     133
     141
     128
     140
     121
     122
     126
     128
     125
     110
     106
     110
     123
     104
     129
     118
     110
     121
     112
      92
     114
     119
     103
     111
     101
      95
     108
     109
      88
      87
      98
      98
      84
     100
     102
      80
     100
      85
     114
      98
      98
      94
      85
      92
      86
      95
      94
      94
      98
      77
      73
      80
      94
      85
      77
      87
      90
      75
      69
      70
      92
      67
      83
      89
      86
      79
      89
      82
      73
      82
      84
      81
      55
      85
      69
      59
      60
      82
      81
      65
      71
      73
      63
      62
      61
      54
      58
      43
      47
      57
      54
      49
      39
      50
      45
      35
      44
      35
      29
      37
      25
      30
      26
      18
      29
      26
      26
      19
      20
      21
      24
      14
      28
      29
      11
      26
      21
      22
      14
      21
      21
      17
      20
      11
      22
      13
      14
      17
      12
      16
      27
      26
      24
      24
      24
      24
      21
      30
      36
      24
      34
      28
      45
      42
      40
      39
      63
      60
      76
      71
      83
      75
      92
      97
     108
     122
     130
     149
     138
     173
     146
     170
     173
     211
     186
     191
     206
     210
     219
     217
     219
     224
     240
     195
     216
     212
     218
     194
     194
     209
     169
     185
     167
     166
     171
     148
     142
     129
     131
     130
     132
     106
     110
      81
      91
      95
      72
      89
      64
      75
      66
      78
      62
      68
      53
      55
      56
      40
      41
      49
      29
      31
      43
      32
      30
      37
      19
      31
      22
      28
      34
      27
      19
      16
      12
      18
      15
      15
      19
      13
      11
      10
       7
       8
       8
       6
       7
       9
       8
       6
       4
       4
       5
       4
       5
       4
       1
       0
       5
       3
       2
       0
       1
       3
       3
       2
       3
       0
       1
       1
       0
       1
       1
       0
       0
       1
       0
       2
       0
       0
       0
       0
       1
       1
       1
       0
       0
       0
       0
       2
       1
       2
       1
       0
       1
       0
       0
       1
       0
       0
       0
       2
       2
       0
       1
       1
       0
       0
       1
       0
       0
       0
       0
       0
       1
       1
       0
       0
       2
       2
       1
       1
       2
       0
       1
       1
       0
       0
       0
       0
       2
       0
       0
       0
       0
       0
       0
       0
       1
       1
       0
       0
       0
       1
       2
       0
       1
       0
       0
       1
       0
       2
       0
       1
       1
       0
       0
       0
       1
       1
       1
       0
       2
       2
       0
       1
       1
       0
       1
       0
       0
       1
       0
       1
       0
       0
       1
       0
       1
       0
       0
       1
       1
       0
       0
       1
       1
       0
       0
       0
       1
       0
       0
       0
       1
       0
       0
       0
       0
       2
       0
       1
       0
       2
       0
       0
       1
       0
       1
       0
       1
       0
       1
       1
       0
       1
       0
       0
       0
       0
       1
       0
       0
       0
       0
       0
       0
       1
       0
       1
       1
       0
       0
       0
       0
       0
       0
       2
       0
       0
       0
       0
       1
       1
       0
       0
       0
       0
       1
       0
       0
       0
       0
       1
       0
       0
       0
       1
       0
       0
       1
       0
       0
       0
       0
       0
       0
       0
       0
       1
       0
       0
       0
       0
       0
       1
       0
       0
       0
       0
       0
       0
       0
       4
       0
       0
       0
       1
       1
       0
       2
       0
       0
       0
       0
       1
       2
       0
       0
       0
       0
       0
       0
       2
       1
       1
       0
       0
       1
       0
       0
       0
       0
       1
       0
       0
       0
       1
       0
       0
       0
       0
       1
       2
       0
       0
       1
       0
       0
       1
       2
       0
       0
       0
       1
       0
       0
       0
       0
       1
       0
       0
       2
       0
       0
       0
       0
       0
       0
       0
       0
       0
       0
       0
       0
       0
       0
       0
       0
       0
       0
       0
       0
       0
       0
       0
       0
       0
       0
       0
       0
       0
       0
       0
       0
       0
       1
       0
       0
       0
       0
       0
       0
       0
       0
       0
       0
       0
       0
       1
       0
       0
       0
       0
       0
       0
       0
       0
       0
       0
       0
       0
       0
       0
       0
       0
       1
       0
       0
       0
       0
       0
       0
       0
       0
       0
       1
       0
       0
       0
       0
       0
       0
       0
       0
       0
       0
       0
       0
       1
       0
       0
       0
       0
       0
       0
       0
       0
       0
       0
       0
       0
       0
       0
       0
       0
       0
       0
       0
       0
       0
       0
       0
       0
       2
       0
       0
       0
       0
       0
       1
       0
       0
       0
       0
       0
       0
       0
       0
       0
       0
       0
       0
       1
       0
       0
       0
       0
       0
       0
       0
       0
       0
       0
       0
       0
       1
       0
       0
       0
       0
       0
       0
       0
       0
       0
       0
       0
       0
       0
       0
       0
       0
       1
       0
       0
       0
       0
       0
       0
       0
       0
       0
       0
       0
       0
       0
       0
       0
       0
       0
       0
       0
       0
       0
       0
       1
       0
       0
       0
       0
       0
       0
       0
       0
       0
       0
       0
       0
       0
       0
       0
       0
       0
       0
       0
       0
       0
       0
       0
       0
       0
       0
       0
       0
       0
       0
       0
       0
       0
       0
       0
       0
       0
       0
       0
       0
       0
       0
       0
       0
       0
       0
       0
       0
       0
       0
       0
       0
       0
       0
       0
       0
       0
       0
       0
       0
       0
       0
       0
       0
       0
       0
       0
       0
       0
       0
       0
       0
       0
       0
       0
       1
       0
       0
       0
       0
       0
       0
       0
       0
       0
       0
       0
       0
       0
       0
       0
       0
       0
       0
       0
       0
       0
       0
       0
       0
       0
       0
       0
       0
       0
       0
       0
       0
       0
       0
       0
       0
       0
       0
       0
       0
       0
       0
       0
       0
       0
       0
       0
       0
       0
       0
       0
       0
       0
       0
       0
       0
       0
       0
       0
       0
       0
       0
       0
       0
       0
       0
       0
       0
       0
       0
       0
       0
       0
       0
       0
       0
       0
       0
       0
       0
       0
       0
       0
       0
       0
       0
       0
       0
       0
       1
       0
       0
       0
       0
       0
       0
       0
       0
       0
       0
       0
       0
       0
       0
       0
       0
       0
       0
       0
       0
       0
       0
       0
       0
$ROI:
0
$PRESETS:
None
0
0
$ENER_FIT:
-10.130505 2.230151
$MCA_CAL:
3
-1.013050E+001 2.230151E+000 -7.695740E-005 keV
$SHAPE_CAL:
3
6.128848E+000 7.994157E-002 -1.373380E-004
