$SPEC_ID:
No sample description was entered.
$SPEC_REM:
DET# 1
DETDESC# SPACESCIENCE4 digiBASE-RH SN 15121435
AP# Maestro Version 7.01
$DATE_MEA:
10/28/2025 12:14:47
$MEAS_TIM:
28 28
$DATA:
0 1023
       0
       0
       0
       0
       0
       0
       0
       0
       0
       0
       0
       0
       0
       0
       0
       6
     137
     216
     202
     166
     114
     111
      86
      94
     109
      96
      80
     104
     103
      96
      94
     117
      98
      96
     108
     108
      99
     119
     119
     116
     107
     133
     133
     141
     131
     136
     135
     132
     112
     155
     156
     133
     142
     154
     142
     142
     135
     135
     150
     136
     117
     142
     137
     128
     152
     139
     138
     169
     133
     158
     128
     125
     156
     157
     144
     147
     150
     175
     161
     132
     154
     161
     148
     181
     147
     151
     165
     159
     156
     163
     166
     153
     168
     171
     159
     163
     137
     177
     158
     162
     158
     155
     162
     131
     136
     147
     129
     136
     137
     137
     130
     153
     129
     131
     145
     111
     143
     151
     119
     133
     113
     109
     137
     113
     117
     129
     125
     109
     112
     115
     116
     121
      91
      89
      89
     101
     110
     112
      89
     107
      98
      83
      94
      99
      99
      91
      93
      89
      91
      91
      83
     109
      88
      88
     128
     101
     100
      89
      92
      88
      85
      76
      93
      86
     103
      67
      70
      89
      90
      80
      97
     100
      72
      87
      72
      85
      72
      66
      84
      81
      68
      73
      76
      60
      75
      69
      64
      64
      67
      87
      66
      62
      73
      53
      57
      61
      54
      71
      51
      51
      64
      56
      62
      47
      47
      57
      46
      37
      51
      47
      44
      45
      36
      34
      41
      30
      34
      32
      33
      27
      25
      41
      31
      23
      19
      19
      20
      31
      22
      17
      18
      18
      14
      20
      11
      18
      15
      16
      14
      14
      16
      22
      16
      22
      23
      17
      22
      20
      22
      19
      20
      24
      24
      16
      28
      34
      24
      35
      35
      46
      33
      39
      41
      43
      59
      66
      81
      77
      69
      78
     103
     112
     114
     125
     129
     129
     140
     121
     161
     149
     182
     164
     175
     172
     182
     208
     185
     184
     219
     199
     175
     208
     211
     185
     162
     171
     184
     173
     164
     172
     159
     161
     145
     156
     135
     114
     109
     130
     116
     117
      97
      98
      73
      73
      92
      66
      65
      80
      70
      76
      66
      57
      69
      59
      55
      45
      41
      42
      44
      47
      44
      23
      30
      28
      24
      36
      26
      31
      24
      27
      28
      23
      23
      13
      15
      12
      23
      12
       6
       9
      13
      12
       7
       7
       7
      10
       3
       3
       5
       2
       2
       6
       6
       2
       3
       1
       0
       1
       2
       3
       0
       0
       2
       0
       0
       0
       0
       2
       3
       2
       1
       1
       0
       2
       1
       0
       1
       1
       1
       0
       1
       1
       1
       1
       0
       0
       1
       0
       1
       0
       0
       1
       1
       0
       1
       1
       0
       0
       1
       0
       0
       0
       0
       1
       1
       1
       1
       0
       1
       0
       0
       0
       1
       1
       1
       0
       0
       0
       0
       0
       1
       0
       1
       0
       1
       2
       0
       0
       0
       2
       0
       0
       1
       1
       0
       1
       1
       1
       1
       0
       1
       1
       0
       1
       0
       0
       1
       0
       0
       0
       0
       1
       1
       0
       0
       1
       0
       0
       0
       0
       0
       2
       0
       0
       0
       1
       0
       0
       0
       1
       1
       0
       1
       1
       1
       2
       1
       0
       0
       0
       0
       1
       0
       0
       0
       0
       1
       0
       0
       0
       1
       0
       0
       1
       0
       0
       0
       1
       1
       0
       0
       1
       0
       1
       1
       0
       0
       0
       0
       0
       0
       0
       0
       0
       0
       0
       0
       1
       0
       0
       0
       0
       0
       0
       0
       1
       0
       0
       0
       0
       0
       0
       1
       0
       1
       0
       0
       1
       0
       1
       1
       0
       1
       0
       0
       0
       0
       0
       0
       0
       0
       0
       0
       0
       0
       0
       0
       0
       0
       2
       0
       1
       0
       0
       0
       0
       1
       0
       0
       0
       0
       0
       0
       0
       0
       0
       0
       0
       0
       0
       0
       1
       0
       1
       0
       0
       2
       0
       1
       0
       0
       0
       0
       0
       0
       0
       0
       0
       1
       0
       0
       0
       1
       0
       0
       0
       1
       0
       0
       1
       0
       0
       0
       0
       1
       0
       3
       0
       0
       0
       1
       0
       0
       0
       0
       0
       0
       2
       0
       1
       0
       0
       0
       0
       0
       0
       1
       0
       1
       0
       0
       0
       0
       0
       0
       0
       1
       0
       0
       1
       0
       0
       0
       1
       0
       0
       0
       1
       0
       1
       0
       0
       0
       0
       0
       0
       0
       0
       0
       1
       0
       0
       0
       0
       0
       0
       0
       0
       0
       0
       0
       0
       0
       0
       0
       0
       0
       0
       0
       0
       0
       0
       0
       0
       0
       0
       1
       0
       0
       0
       0
       0
       0
       0
       0
       0
       0
       0
       0
       0
       0
       0
       0
       0
       0
       0
       0
       0
       0
       0
       0
       0
       0
       0
       0
       0
       0
       0
       0
       0
       1
       0
       0
       0
       0
       1
       0
       0
       0
       0
       0
       0
       0
       0
       0
       0
       0
       0
       0
       0
       0
       0
       0
       0
       0
       0
       0
       0
       0
       0
       0
       0
       1
       0
       0
       0
       0
       0
       1
       0
       0
       1
       0
       1
       0
       0
       1
       1
       0
       0
       0
       0
       0
       0
       0
       0
       0
       0
       1
       0
       0
       1
       0
       0
       0
       0
       0
       0
       0
       0
       0
       0
       0
       0
       0
       0
       0
       0
       0
       0
       0
       0
       0
       0
       0
       0
       0
       0
       0
       0
       0
       0
       0
       0
       0
       0
       0
       0
       0
       0
       0
       0
       0
       0
       1
       0
       0
       0
       0
       0
       0
       0
       0
       0
       0
       0
       0
       0
       0
       0
       0
       0
       0
       0
       0
       0
       0
       0
       0
       0
       0
       0
       1
       0
       0
       0
       1
       0
       0
       0
       0
       0
       0
       0
       0
       0
       0
       0
       0
       0
       0
       0
       0
       0
       0
       0
       0
       0
       0
       0
       0
       0
       0
       0
       0
       0
       0
       0
       0
       0
       0
       0
       0
       0
       0
       0
       0
       0
       0
       0
       0
       0
       0
       0
       0
       0
       0
       0
       0
       0
       0
       0
       0
       0
       0
       0
       0
       0
       0
       1
       0
       0
       0
       0
       0
       0
       0
       0
       0
       0
       0
       0
       0
       0
       0
       0
       0
       0
       0
       0
       0
       0
       0
       0
       0
       0
       0
       0
       0
       0
       0
       0
       0
       0
       0
       0
       0
       0
       0
       0
       0
       1
       0
       0
       0
       0
       0
       0
       0
       0
       0
       0
       0
       0
       0
       0
       0
       0
       0
       0
       0
       0
       0
       0
       0
       0
       0
       0
       0
       0
       0
       0
       0
       0
       0
       0
       0
       1
       0
       0
       1
       0
       0
       0
$ROI:
0
$PRESETS:
None
0
0
$ENER_FIT:
-10.130505 2.230151
$MCA_CAL:
3
-1.013050E+001 2.230151E+000 -7.695740E-005 keV
$SHAPE_CAL:
3
6.128848E+000 7.994157E-002 -1.373380E-004
