$SPEC_ID:
No sample description was entered.
$SPEC_REM:
DET# 1
DETDESC# SPACESCIENCE4 digiBASE-RH SN 15121435
AP# Maestro Version 7.01
$DATE_MEA:
10/28/2025 12:08:56
$MEAS_TIM:
32 32
$DATA:
0 1023
       0
       0
       0
       0
       0
       0
       0
       0
       0
       0
       0
       0
       0
       0
       0
       2
     133
     207
     190
     147
     118
     112
      99
      78
      83
      70
      63
      78
     101
      85
      74
      94
     103
      93
      94
      98
      96
     110
     116
     100
     107
     108
     112
     111
     122
     125
     101
     122
     109
     141
     132
     114
      93
     130
      95
     127
     138
     116
     115
     110
     113
     119
     144
     136
     107
     111
     139
     121
     134
     109
     111
     122
     126
     133
     118
     126
     135
     114
     123
     135
     125
     133
     131
     156
     147
     137
     142
     122
     153
     156
     166
     153
     152
     134
     142
     155
     134
     126
      89
     121
     127
     114
     142
     114
     130
     117
     106
     115
     112
     127
     122
     132
     109
      95
     101
      98
     106
      94
     124
      99
     125
     106
     110
      98
     101
     109
     100
     106
      91
      91
      98
      84
      68
      97
      78
      90
      85
      79
      81
      83
      80
      73
      77
      71
      73
      64
      66
      86
      66
      55
      67
      82
      71
      62
      67
      63
      76
      82
      76
      95
      68
      73
      72
      71
      71
      73
      52
      75
      67
      66
      70
      61
      66
      59
      77
      65
      70
      88
      77
      60
      63
      55
      69
      72
      57
      55
      54
      62
      73
      72
      54
      56
      50
      64
      58
      62
      55
      68
      54
      41
      51
      49
      42
      39
      38
      45
      33
      32
      47
      52
      37
      35
      37
      28
      29
      21
      20
      35
      27
      28
      20
      18
      19
      23
      27
      18
      13
      16
      17
      16
      16
      23
      13
      22
      21
       8
      14
      25
      15
      13
      14
      20
      19
      12
      11
      13
      15
      19
      12
      12
      15
      21
      21
      23
      22
       9
      27
      34
      34
      23
      33
      36
      32
      55
      49
      61
      62
      76
      62
      91
      75
      84
      90
      99
     114
     100
     145
     134
     127
     135
     159
     135
     161
     144
     133
     169
     203
     177
     177
     152
     174
     162
     151
     173
     161
     153
     151
     131
     133
     126
     131
     112
     114
      87
     109
     100
      80
     100
      75
      93
      70
      64
      61
      66
      49
      58
      60
      42
      43
      51
      39
      35
      36
      21
      31
      28
      26
      31
      25
      27
      20
      16
      19
      13
      10
      14
      14
      18
      15
      12
      12
      12
       8
      12
       9
       7
      10
       3
       8
       8
       7
       4
       2
       4
       3
       3
       2
       0
       1
       2
       0
       2
       1
       1
       1
       1
       1
       0
       2
       1
       0
       1
       1
       1
       0
       0
       1
       3
       0
       0
       1
       2
       1
       1
       0
       0
       2
       0
       0
       1
       0
       0
       1
       1
       0
       1
       0
       0
       0
       1
       0
       1
       1
       1
       0
       1
       0
       0
       1
       0
       0
       1
       0
       0
       1
       0
       0
       0
       0
       0
       0
       0
       1
       0
       1
       1
       1
       0
       3
       0
       2
       0
       0
       0
       1
       0
       0
       2
       0
       1
       0
       0
       0
       0
       1
       0
       0
       0
       0
       0
       1
       0
       1
       0
       1
       1
       1
       0
       0
       0
       1
       1
       0
       0
       1
       0
       0
       0
       2
       0
       0
       2
       0
       0
       0
       0
       0
       0
       1
       1
       0
       0
       0
       0
       4
       0
       0
       2
       0
       1
       1
       0
       0
       0
       0
       1
       0
       1
       0
       0
       0
       0
       0
       0
       0
       0
       1
       0
       0
       0
       0
       0
       0
       0
       0
       0
       0
       1
       1
       1
       1
       0
       1
       0
       1
       1
       1
       1
       0
       1
       0
       1
       1
       0
       0
       0
       0
       0
       0
       0
       0
       0
       1
       0
       0
       0
       1
       0
       0
       0
       0
       0
       0
       0
       1
       0
       0
       0
       1
       0
       0
       2
       0
       0
       0
       1
       1
       0
       0
       0
       2
       0
       0
       0
       0
       0
       0
       1
       0
       0
       0
       0
       0
       0
       0
       3
       0
       0
       0
       0
       0
       1
       0
       0
       2
       0
       0
       0
       1
       1
       0
       2
       0
       0
       0
       0
       0
       0
       0
       0
       0
       0
       1
       0
       1
       0
       0
       0
       0
       0
       0
       0
       0
       0
       0
       0
       1
       0
       0
       0
       0
       1
       0
       0
       0
       1
       2
       1
       1
       0
       1
       0
       0
       0
       2
       0
       2
       0
       0
       0
       0
       0
       0
       1
       0
       0
       0
       0
       0
       1
       0
       0
       0
       0
       0
       0
       0
       0
       0
       0
       0
       0
       0
       0
       0
       0
       0
       0
       0
       0
       0
       0
       2
       0
       0
       0
       0
       0
       0
       1
       0
       0
       0
       0
       0
       0
       0
       0
       0
       0
       0
       0
       0
       0
       0
       1
       0
       0
       0
       0
       0
       0
       0
       0
       0
       0
       0
       0
       0
       0
       0
       0
       0
       0
       0
       0
       0
       0
       0
       0
       0
       0
       0
       0
       0
       0
       0
       0
       0
       0
       0
       0
       0
       0
       0
       0
       0
       0
       0
       0
       0
       0
       0
       0
       0
       0
       0
       0
       1
       0
       0
       0
       0
       0
       0
       0
       1
       0
       0
       0
       0
       0
       0
       0
       0
       0
       0
       0
       0
       0
       0
       0
       1
       0
       0
       0
       0
       1
       0
       0
       0
       0
       0
       0
       0
       0
       0
       0
       0
       0
       0
       0
       0
       0
       0
       0
       0
       0
       0
       0
       0
       0
       0
       0
       0
       0
       0
       0
       1
       0
       0
       0
       0
       0
       0
       0
       0
       0
       0
       0
       0
       0
       0
       0
       0
       0
       0
       0
       0
       0
       0
       0
       0
       0
       0
       0
       0
       0
       1
       0
       0
       0
       0
       0
       0
       0
       0
       0
       0
       0
       0
       1
       2
       0
       0
       0
       0
       0
       0
       0
       0
       0
       0
       0
       0
       0
       0
       0
       0
       0
       0
       0
       0
       0
       0
       0
       0
       1
       1
       0
       0
       0
       0
       0
       0
       0
       0
       0
       0
       1
       0
       0
       0
       0
       0
       0
       0
       0
       0
       0
       0
       0
       0
       0
       0
       0
       0
       0
       0
       0
       0
       0
       0
       0
       0
       0
       0
       0
       0
       0
       0
       0
       0
       0
       0
       0
       0
       0
       0
       0
       0
       0
       0
       0
       0
       0
       0
       0
       0
       0
       0
       0
       0
       0
       0
       0
       0
       0
       0
       0
       0
       0
       0
       0
       0
       0
       0
       0
       0
       0
       0
       0
       0
       0
       0
       0
       0
       0
       0
       0
       0
       0
       0
       0
       0
       0
       0
       0
       0
       0
       0
       0
       0
       0
       0
       0
       0
       1
       0
       0
       0
       0
       0
       0
       0
       0
       0
       0
       0
       0
       0
       0
       0
       0
       0
       0
       0
       0
       0
       0
       0
       0
       0
       0
$ROI:
0
$PRESETS:
None
0
0
$ENER_FIT:
-10.130505 2.230151
$MCA_CAL:
3
-1.013050E+001 2.230151E+000 -7.695740E-005 keV
$SHAPE_CAL:
3
6.128848E+000 7.994157E-002 -1.373380E-004
