$SPEC_ID:
No sample description was entered.
$SPEC_REM:
DET# 1
DETDESC# SPACESCIENCE4 digiBASE-RH SN 15121435
AP# Maestro Version 7.01
$DATE_MEA:
10/28/2025 12:08:01
$MEAS_TIM:
31 32
$DATA:
0 1023
       0
       0
       0
       0
       0
       0
       0
       0
       0
       0
       0
       0
       0
       0
       0
       4
     140
     221
     168
     144
     127
      99
      95
      81
      70
      86
      86
      86
      96
      78
      80
      77
      87
     101
     100
     104
      96
     110
     115
     116
     116
     119
     115
      98
      87
     113
      86
     120
     116
     122
     128
     107
     133
     143
     116
     114
     119
     157
     121
     130
     115
     122
     120
     136
     144
     132
     142
     134
     138
     132
     123
     134
     117
     140
     142
     139
     126
     139
     119
     137
     144
     151
     135
     166
     156
     150
     136
     133
     141
     151
     158
     128
     137
     146
     123
     128
     121
     120
     127
     135
     124
     132
     113
     130
     121
     106
     135
     109
     125
     113
     130
      91
     110
     114
     102
     111
      93
     117
     106
      98
      94
     101
     110
     101
      91
      81
      93
      76
      91
      76
     104
      96
      84
      84
      85
      76
      46
      86
      92
      78
      77
      83
      68
      61
      68
      80
      72
      82
      68
      91
      69
      71
      75
      67
      56
      71
      87
      72
      87
      74
      73
      62
      65
      70
      66
      63
      58
      50
      70
      63
      57
      71
      59
      70
      57
      68
      81
      82
      81
      68
      62
      64
      63
      81
      61
      66
      77
      65
      58
      57
      53
      62
      62
      53
      62
      56
      58
      55
      50
      45
      51
      48
      48
      47
      45
      44
      39
      44
      41
      39
      37
      36
      27
      26
      25
      31
      23
      29
      27
      24
      14
      29
      33
      21
      12
      25
      15
      25
      18
      14
      13
       8
      16
      19
      14
      12
      12
      18
      17
      16
       9
      11
      14
      15
      18
      17
       6
      14
      15
      19
       9
      10
      14
      22
      24
      22
      24
      26
      26
      34
      39
      31
      48
      45
      49
      47
      39
      83
      74
      69
      87
      93
     113
     104
     106
     102
     115
     144
     113
     160
     142
     145
     179
     145
     167
     162
     171
     173
     164
     179
     174
     191
     154
     147
     148
     174
     159
     146
     150
     136
     121
      99
     130
     105
      95
     106
      89
      99
      99
      86
      81
      83
      67
      83
      44
      47
      39
      39
      45
      37
      50
      43
      29
      37
      28
      29
      29
      16
      17
      22
      23
      28
      15
      13
      22
      12
      14
      10
      14
      11
      12
      11
       9
      10
       6
       9
      12
      11
       9
       2
      12
       2
       4
       1
       2
       2
       4
       5
       3
       3
       0
       0
       0
       1
       0
       1
       1
       1
       1
       0
       2
       0
       2
       0
       0
       0
       4
       1
       0
       2
       0
       0
       2
       0
       0
       0
       0
       0
       2
       2
       3
       0
       0
       1
       0
       0
       1
       0
       0
       0
       0
       1
       0
       0
       1
       0
       3
       0
       0
       0
       3
       0
       0
       1
       1
       0
       0
       0
       1
       0
       2
       1
       0
       0
       0
       1
       1
       1
       1
       0
       1
       1
       1
       1
       1
       0
       0
       1
       0
       2
       1
       1
       1
       0
       0
       0
       0
       2
       0
       3
       1
       0
       0
       0
       1
       1
       0
       0
       0
       1
       1
       2
       1
       0
       2
       0
       0
       1
       0
       2
       0
       0
       0
       0
       0
       1
       2
       1
       2
       2
       0
       0
       0
       0
       0
       1
       0
       1
       0
       0
       0
       0
       2
       2
       0
       0
       0
       0
       0
       0
       0
       0
       1
       0
       0
       0
       0
       1
       0
       0
       0
       0
       0
       0
       0
       0
       0
       0
       0
       1
       0
       0
       0
       1
       0
       0
       0
       0
       1
       0
       1
       0
       0
       0
       0
       0
       0
       0
       0
       2
       0
       0
       1
       0
       0
       1
       0
       0
       0
       0
       0
       1
       0
       0
       0
       1
       0
       2
       0
       0
       0
       1
       0
       1
       0
       1
       0
       1
       0
       0
       0
       0
       1
       0
       1
       0
       0
       0
       0
       0
       1
       0
       1
       0
       0
       1
       0
       0
       2
       0
       0
       2
       0
       0
       0
       0
       0
       0
       1
       1
       0
       2
       0
       0
       0
       0
       0
       0
       0
       1
       1
       0
       0
       0
       0
       0
       0
       0
       0
       3
       0
       2
       0
       0
       0
       2
       0
       0
       0
       0
       0
       0
       1
       0
       1
       0
       0
       0
       2
       0
       0
       1
       1
       0
       2
       0
       0
       0
       0
       0
       0
       0
       0
       0
       0
       1
       0
       1
       0
       0
       0
       0
       0
       0
       0
       1
       0
       0
       0
       1
       0
       0
       1
       1
       0
       0
       0
       0
       0
       0
       0
       0
       0
       0
       0
       0
       0
       0
       1
       0
       0
       0
       0
       0
       0
       0
       1
       0
       0
       0
       0
       0
       0
       1
       0
       1
       0
       0
       0
       0
       0
       0
       0
       0
       0
       0
       0
       0
       0
       0
       0
       0
       0
       0
       0
       2
       0
       0
       0
       0
       1
       0
       0
       0
       0
       0
       0
       0
       1
       0
       0
       0
       1
       0
       0
       0
       0
       0
       0
       0
       0
       0
       0
       0
       0
       0
       1
       0
       0
       0
       0
       0
       0
       0
       0
       0
       0
       0
       0
       0
       0
       0
       0
       0
       0
       0
       0
       0
       0
       0
       0
       0
       0
       0
       0
       0
       0
       0
       0
       0
       0
       0
       0
       0
       0
       0
       0
       0
       0
       0
       0
       0
       0
       0
       0
       0
       0
       0
       0
       0
       0
       0
       0
       0
       0
       0
       0
       0
       0
       0
       0
       0
       0
       0
       0
       0
       0
       0
       1
       0
       0
       0
       0
       0
       0
       0
       0
       0
       0
       0
       0
       1
       0
       0
       0
       0
       0
       0
       0
       0
       0
       0
       0
       0
       0
       0
       0
       0
       0
       0
       0
       0
       0
       0
       0
       1
       0
       0
       0
       0
       0
       0
       0
       0
       0
       0
       1
       0
       0
       0
       0
       0
       0
       0
       0
       0
       1
       1
       0
       0
       0
       1
       0
       0
       0
       0
       0
       0
       0
       0
       0
       0
       0
       0
       0
       0
       0
       0
       0
       0
       0
       0
       0
       0
       0
       0
       0
       0
       0
       0
       0
       0
       0
       0
       0
       0
       0
       0
       0
       0
       0
       0
       0
       1
       0
       0
       0
       0
       0
       0
       0
       0
       0
       0
       0
       0
       0
       0
       0
       0
       0
       0
       0
       0
       0
       0
       0
       0
       0
       0
       0
       0
       0
       0
       0
       0
       0
       0
       0
       0
       0
       0
       0
       0
       0
       0
       0
       0
       0
       0
       0
       0
       0
       0
       0
       0
       0
       0
       0
       0
       0
       0
       0
       0
       0
       0
       0
       0
       0
       0
       0
       0
       0
       0
       0
       0
       0
       0
       0
       0
       0
       0
       0
       0
       0
       1
       0
       0
       0
       0
       0
       0
       0
       0
$ROI:
0
$PRESETS:
None
0
0
$ENER_FIT:
-10.130505 2.230151
$MCA_CAL:
3
-1.013050E+001 2.230151E+000 -7.695740E-005 keV
$SHAPE_CAL:
3
6.128848E+000 7.994157E-002 -1.373380E-004
