$SPEC_ID:
No sample description was entered.
$SPEC_REM:
DET# 1
DETDESC# SPACESCIENCE4 digiBASE-RH SN 15121435
AP# Maestro Version 7.01
$DATE_MEA:
10/28/2025 12:07:04
$MEAS_TIM:
34 34
$DATA:
0 1023
       0
       0
       0
       0
       0
       0
       0
       0
       0
       0
       0
       0
       0
       0
       0
       7
     150
     223
     175
     156
     134
     115
      95
     106
      88
     122
      83
      92
      95
      92
      84
      85
      96
     129
     114
     116
     119
     130
     117
     127
     139
     131
     120
     143
     143
     128
     119
     111
     134
     169
     124
     165
     132
     141
     139
     146
     156
     142
     151
     141
     125
     158
     151
     137
     134
     154
     138
     133
     155
     179
     150
     146
     153
     147
     149
     168
     155
     171
     133
     145
     167
     168
     165
     158
     199
     159
     170
     169
     175
     170
     150
     159
     179
     159
     172
     141
     166
     150
     157
     142
     147
     144
     144
     125
     158
     133
     147
     161
     162
     128
     111
     124
     114
     135
     136
     117
     103
     122
     137
     112
     132
     101
     106
     101
     102
     120
     111
     105
     107
      98
      95
      88
      98
      95
      82
     103
      90
      86
     108
      91
      76
     109
      96
      90
      92
      87
      75
      84
      94
      81
      78
     101
      91
      78
      90
      78
      84
      65
      69
      82
      79
     104
      59
      89
      72
      81
     100
      90
      89
      88
      75
      87
      92
      81
      94
      82
     109
      75
     103
      77
      78
      72
      63
      69
      56
      69
      65
      72
      75
      69
      64
      71
      73
      51
      64
      61
      63
      57
      58
      50
      48
      42
      62
      51
      44
      40
      45
      51
      53
      28
      46
      37
      31
      27
      30
      29
      24
      25
      25
      28
      25
      22
      26
      26
      21
      22
      21
      23
      22
      10
      17
      18
      22
      20
      13
      16
      22
      15
      10
      23
      19
      16
      10
      21
      21
      23
      12
      21
      20
      16
      24
      17
      25
      30
      29
      30
      33
      28
      32
      56
      33
      41
      47
      67
      57
      65
      70
      60
      76
      84
      96
     103
     127
     132
     125
     146
     161
     152
     148
     178
     181
     154
     172
     187
     214
     201
     171
     190
     197
     191
     192
     194
     202
     182
     181
     172
     157
     173
     155
     155
     142
     133
     138
      98
     114
     115
     104
     103
      84
      93
      81
      81
      90
      68
      48
      60
      59
      49
      56
      48
      42
      35
      46
      46
      33
      28
      32
      32
      34
      35
      28
      29
      22
      22
      20
      18
      17
      14
      10
      12
      16
       7
      11
      11
       9
       6
       5
      10
       4
       5
       8
       3
       0
       3
       4
       3
       1
       7
       1
       0
       4
       3
       2
       1
       1
       1
       1
       1
       2
       0
       1
       3
       1
       0
       2
       0
       0
       1
       1
       0
       0
       0
       0
       0
       2
       0
       1
       1
       1
       0
       0
       1
       0
       0
       0
       0
       0
       0
       1
       0
       0
       0
       1
       0
       0
       0
       0
       1
       1
       0
       2
       0
       0
       1
       0
       1
       0
       0
       1
       0
       0
       0
       1
       0
       0
       0
       0
       0
       1
       0
       1
       1
       1
       0
       1
       1
       1
       1
       0
       1
       0
       0
       0
       1
       1
       2
       0
       0
       2
       1
       0
       0
       0
       0
       1
       1
       1
       0
       1
       1
       0
       0
       0
       1
       1
       1
       3
       0
       0
       2
       0
       0
       1
       1
       1
       1
       0
       1
       0
       2
       0
       0
       0
       0
       0
       1
       0
       0
       0
       3
       0
       0
       0
       0
       0
       1
       0
       1
       1
       0
       0
       0
       1
       0
       0
       0
       0
       0
       0
       1
       0
       0
       0
       1
       0
       0
       0
       0
       1
       0
       0
       0
       0
       0
       0
       1
       1
       0
       1
       0
       0
       0
       0
       0
       0
       2
       0
       0
       0
       2
       1
       0
       0
       0
       0
       0
       2
       0
       2
       0
       0
       0
       1
       0
       0
       0
       0
       0
       0
       0
       1
       0
       0
       0
       0
       0
       1
       1
       0
       0
       0
       0
       1
       0
       1
       0
       1
       1
       0
       0
       0
       1
       0
       0
       0
       0
       2
       0
       1
       1
       0
       0
       0
       0
       1
       0
       1
       1
       0
       0
       0
       0
       0
       4
       0
       1
       0
       0
       0
       0
       1
       0
       0
       0
       0
       2
       0
       2
       0
       0
       0
       0
       0
       2
       0
       0
       0
       1
       1
       0
       0
       0
       1
       0
       0
       0
       0
       0
       0
       0
       0
       0
       0
       0
       0
       0
       0
       0
       1
       0
       0
       0
       0
       0
       1
       0
       1
       0
       1
       1
       0
       1
       0
       1
       0
       1
       1
       0
       0
       1
       0
       0
       0
       0
       0
       0
       0
       0
       0
       1
       0
       0
       0
       0
       0
       1
       0
       1
       0
       0
       0
       0
       0
       0
       1
       0
       0
       0
       0
       0
       0
       0
       0
       0
       0
       0
       0
       0
       0
       0
       0
       0
       0
       0
       0
       0
       0
       0
       0
       0
       0
       0
       0
       0
       0
       0
       0
       0
       0
       0
       1
       0
       0
       0
       0
       0
       1
       0
       0
       1
       0
       0
       0
       1
       0
       0
       0
       0
       0
       0
       0
       1
       0
       0
       0
       0
       0
       0
       0
       0
       0
       0
       0
       0
       0
       0
       0
       0
       0
       0
       0
       0
       0
       1
       0
       0
       0
       0
       0
       0
       0
       0
       1
       0
       0
       1
       0
       0
       0
       0
       0
       0
       0
       0
       0
       0
       0
       0
       1
       0
       0
       0
       0
       1
       0
       0
       0
       0
       0
       0
       0
       1
       0
       0
       0
       0
       0
       0
       0
       0
       0
       0
       0
       0
       0
       0
       0
       0
       0
       0
       0
       1
       0
       0
       0
       0
       0
       0
       0
       0
       0
       0
       0
       0
       0
       1
       0
       0
       0
       0
       0
       0
       0
       0
       0
       0
       0
       1
       0
       0
       0
       0
       0
       0
       0
       0
       0
       0
       0
       0
       0
       0
       0
       0
       0
       0
       0
       0
       0
       0
       0
       0
       0
       0
       0
       0
       0
       0
       0
       0
       0
       0
       0
       0
       0
       0
       0
       0
       0
       0
       0
       0
       0
       0
       0
       0
       0
       0
       0
       0
       0
       0
       0
       0
       0
       0
       0
       0
       0
       0
       0
       0
       0
       0
       0
       0
       0
       1
       0
       0
       0
       0
       0
       0
       0
       0
       0
       0
       0
       1
       0
       0
       0
       0
       0
       0
       1
       0
       0
       0
       0
       0
       0
       0
       0
       0
       0
       0
       0
       0
       0
       0
       0
       0
       0
       0
       0
       0
       0
       0
       0
       0
       0
       0
       0
       0
       0
       0
       0
       1
       0
       0
       0
       0
       0
       0
       0
       0
       0
       0
       0
       0
       0
       0
       0
       0
       1
       0
       0
       0
       0
       0
       0
       0
       0
       0
       0
       0
       0
       0
       0
       0
       0
       0
       0
       0
       0
       0
       0
       0
       0
       0
       0
       0
$ROI:
0
$PRESETS:
None
0
0
$ENER_FIT:
-10.130505 2.230151
$MCA_CAL:
3
-1.013050E+001 2.230151E+000 -7.695740E-005 keV
$SHAPE_CAL:
3
6.128848E+000 7.994157E-002 -1.373380E-004
