$SPEC_ID:
No sample description was entered.
$SPEC_REM:
DET# 1
DETDESC# SPACESCIENCE4 digiBASE-RH SN 15121435
AP# Maestro Version 7.01
$DATE_MEA:
10/28/2025 12:06:13
$MEAS_TIM:
30 30
$DATA:
0 1023
       0
       0
       0
       0
       0
       0
       0
       0
       0
       0
       0
       0
       0
       0
       0
       3
     127
     208
     165
     137
     107
     127
      91
      77
      77
      76
      81
      77
      81
      92
      94
      94
      97
     102
     103
     118
     113
     105
     106
     102
     116
     124
     116
     109
     121
     125
     131
     130
     136
     107
     116
     112
     121
     118
     126
     114
     121
     123
     141
     142
     131
     148
     141
     115
     139
     148
     141
     144
     130
     130
     113
     126
     129
     145
     133
     134
     142
     157
     130
     133
     150
     140
     149
     146
     132
     152
     126
     136
     159
     155
     158
     156
     143
     140
     152
     131
     164
     145
     154
     132
     142
     129
     113
     117
     151
     122
     120
     124
     134
     112
     143
     122
     130
     120
     110
     122
     115
     104
     119
     116
     112
     109
      97
     112
     117
     115
      93
     117
     103
      99
      94
     110
     102
      81
      81
     109
      89
      95
      88
      85
      76
      89
      78
      78
      83
      94
      70
      69
      87
     112
      88
      92
     103
      88
      96
     102
      94
      86
      91
      67
      77
      78
      86
      74
      94
      75
      62
      83
      79
      80
      72
      97
      75
      79
      65
      75
      72
      92
      70
      82
      75
      70
      60
      60
      76
      57
      74
      70
      60
      69
      59
      61
      68
      58
      51
      71
      54
      40
      58
      39
      53
      47
      53
      56
      39
      58
      50
      40
      39
      38
      34
      35
      41
      25
      30
      28
      31
      29
      26
      24
      26
      26
      24
      25
      15
      24
      20
      17
      22
      15
      15
      15
      14
       8
      22
      13
      18
      22
      15
      21
      13
      15
      25
      18
      17
      26
      16
      16
      20
      27
      15
      28
      20
      27
      25
      22
      30
      25
      31
      40
      41
      59
      40
      55
      55
      65
      78
      72
      76
     103
      97
      92
     102
     116
     129
     125
     134
     149
     183
     171
     155
     173
     159
     166
     153
     175
     185
     189
     180
     197
     174
     209
     171
     197
     157
     167
     159
     138
     125
     139
     135
     127
     138
     136
     115
     112
     114
      97
      90
      84
      79
      66
      72
      75
      75
      61
      58
      50
      49
      44
      46
      46
      47
      26
      36
      30
      28
      35
      30
      28
      21
      25
      18
      25
      24
      21
      16
      19
      10
      13
       8
      14
       8
      11
      12
       4
       7
       8
       7
       2
       7
       5
       3
       5
       3
       4
       3
       5
       3
       2
       3
       5
       1
       2
       3
       0
       1
       0
       0
       1
       2
       2
       2
       0
       0
       1
       1
       2
       1
       0
       0
       0
       2
       1
       2
       0
       0
       2
       0
       1
       0
       1
       0
       1
       0
       0
       1
       1
       1
       0
       1
       1
       1
       1
       0
       3
       0
       0
       0
       1
       1
       1
       0
       1
       1
       0
       3
       0
       1
       1
       1
       0
       1
       1
       1
       0
       0
       0
       0
       0
       0
       1
       0
       1
       0
       0
       2
       0
       0
       0
       0
       0
       0
       1
       0
       0
       0
       1
       0
       0
       0
       1
       0
       0
       0
       0
       0
       0
       0
       0
       2
       1
       0
       1
       2
       1
       2
       0
       1
       0
       0
       0
       1
       0
       0
       0
       0
       1
       0
       1
       0
       0
       0
       0
       0
       0
       0
       0
       2
       1
       0
       0
       0
       0
       1
       0
       0
       0
       0
       1
       1
       0
       0
       0
       0
       0
       0
       1
       0
       0
       0
       0
       1
       0
       1
       0
       0
       1
       2
       0
       0
       0
       1
       1
       0
       1
       0
       0
       0
       0
       0
       0
       0
       0
       0
       0
       0
       0
       0
       1
       1
       1
       0
       1
       0
       0
       1
       1
       0
       1
       0
       1
       1
       0
       0
       2
       0
       1
       0
       0
       0
       0
       1
       0
       0
       1
       0
       0
       0
       0
       1
       0
       0
       0
       0
       1
       1
       0
       0
       0
       0
       0
       0
       0
       0
       0
       0
       0
       0
       0
       0
       0
       0
       2
       0
       1
       0
       0
       1
       0
       0
       0
       1
       0
       0
       0
       1
       0
       0
       0
       0
       0
       0
       0
       1
       0
       0
       0
       0
       1
       1
       0
       0
       0
       0
       2
       1
       0
       0
       0
       0
       0
       1
       0
       0
       0
       0
       0
       0
       0
       0
       1
       0
       0
       0
       1
       0
       0
       0
       0
       0
       0
       0
       0
       0
       0
       0
       1
       0
       0
       0
       0
       0
       0
       0
       0
       0
       0
       0
       0
       0
       0
       0
       0
       0
       0
       1
       0
       0
       0
       0
       0
       0
       1
       0
       0
       1
       0
       0
       1
       0
       0
       0
       0
       0
       0
       0
       0
       0
       0
       0
       0
       0
       0
       0
       0
       0
       2
       0
       0
       0
       0
       0
       1
       0
       0
       0
       0
       0
       0
       0
       0
       0
       0
       0
       0
       0
       0
       0
       1
       0
       0
       0
       0
       0
       0
       0
       0
       0
       0
       0
       0
       0
       0
       0
       0
       0
       0
       0
       0
       0
       0
       0
       0
       0
       0
       0
       0
       0
       0
       0
       0
       0
       0
       0
       0
       0
       0
       0
       0
       0
       0
       0
       0
       0
       0
       0
       0
       0
       0
       0
       0
       0
       0
       0
       0
       0
       0
       0
       0
       0
       0
       0
       0
       0
       0
       0
       0
       0
       0
       0
       1
       0
       0
       1
       0
       0
       1
       0
       0
       0
       0
       0
       0
       0
       0
       0
       0
       0
       0
       0
       0
       0
       0
       0
       0
       0
       0
       0
       0
       0
       0
       0
       0
       0
       0
       0
       0
       0
       0
       0
       0
       0
       0
       0
       0
       0
       0
       0
       0
       0
       0
       0
       0
       1
       0
       0
       0
       0
       0
       0
       0
       0
       0
       0
       0
       0
       0
       0
       0
       0
       0
       0
       0
       0
       0
       0
       0
       0
       0
       0
       0
       0
       0
       1
       0
       0
       0
       0
       0
       0
       0
       0
       0
       0
       0
       0
       0
       0
       0
       1
       0
       0
       0
       0
       0
       0
       0
       0
       0
       0
       0
       0
       0
       0
       0
       0
       0
       0
       0
       0
       0
       0
       0
       0
       0
       0
       0
       0
       1
       0
       0
       0
       0
       0
       0
       0
       0
       0
       0
       0
       0
       0
       0
       0
       0
       0
       0
       0
       0
       0
       0
       0
       0
       0
       0
       0
       0
       0
       0
       0
       0
       0
       0
       0
       0
       0
       0
       0
       0
       0
       0
       0
       0
       0
       0
       0
       0
       0
       0
       0
       0
       0
       0
       0
       0
       0
       0
       0
       0
       0
       0
       0
       0
       0
       0
       0
       0
       0
       0
       0
       0
       0
       0
       0
       0
       0
       0
       0
       0
       0
       0
       0
       0
       0
       0
       0
       0
       0
       0
       0
       0
       0
       0
$ROI:
0
$PRESETS:
None
0
0
$ENER_FIT:
-10.130505 2.230151
$MCA_CAL:
3
-1.013050E+001 2.230151E+000 -7.695740E-005 keV
$SHAPE_CAL:
3
6.128848E+000 7.994157E-002 -1.373380E-004
