$SPEC_ID:
No sample description was entered.
$SPEC_REM:
DET# 1
DETDESC# SPACESCIENCE4 digiBASE-RH SN 15121435
AP# Maestro Version 7.01
$DATE_MEA:
10/28/2025 12:04:57
$MEAS_TIM:
30 30
$DATA:
0 1023
       0
       0
       0
       0
       0
       0
       0
       0
       0
       0
       0
       0
       0
       0
       0
      10
     134
     237
     175
     144
     127
      91
      81
      80
      77
      90
     109
      86
      97
      87
     118
      95
     116
     111
     108
     122
     112
     114
     105
     113
     117
     131
     124
     112
     113
     137
     123
     120
     133
     126
     126
     127
     145
     136
     123
     146
     152
     142
     138
     149
     123
     152
     138
     144
     146
     150
     135
     139
     161
     153
     156
     154
     143
     129
     164
     152
     130
     137
     144
     136
     157
     173
     146
     159
     157
     178
     161
     153
     174
     173
     175
     156
     145
     197
     155
     168
     165
     172
     147
     170
     173
     154
     163
     151
     127
     143
     148
     133
     151
     147
     115
     130
     141
     152
     147
     130
     120
     121
     125
     105
     127
     128
     127
     123
      99
      88
     121
     102
     103
     102
      86
     110
     113
     118
     103
     123
      95
     107
     129
     100
     102
      82
      88
      84
      91
      98
      84
     107
      91
     109
     100
      98
      68
      88
     103
      99
      87
      79
      84
      79
      88
      80
      92
      91
      76
     101
      82
      90
      68
      95
      81
      68
      81
      96
      72
      96
      75
      84
      87
      58
      89
      86
      93
      68
      76
      69
      65
      79
      65
      71
      49
      63
      70
      62
      50
      60
      73
      52
      58
      58
      52
      55
      55
      44
      44
      39
      36
      36
      43
      30
      39
      41
      40
      33
      37
      36
      18
      29
      35
      33
      26
      22
      32
      15
      18
      31
      17
      17
      12
      12
      17
      15
      15
      16
      20
      19
      18
      21
      14
      12
      14
       7
      14
      26
      16
      22
      15
      20
      15
      20
      25
      24
      32
      16
      24
      25
      34
      32
      41
      50
      47
      47
      52
      45
      79
      56
      76
      88
      90
      99
      95
     110
     101
     120
     140
     127
     136
     170
     160
     172
     164
     185
     174
     188
     188
     212
     220
     173
     212
     200
     169
     190
     191
     211
     156
     164
     174
     163
     135
     156
     165
     156
     145
     121
     121
     120
     102
     109
     108
      93
      90
      84
      77
      81
      63
      80
      61
      61
      70
      50
      60
      41
      53
      35
      36
      40
      33
      33
      38
      27
      28
      16
      29
      22
      31
      20
      10
      23
      24
      15
      11
      17
      15
      15
      14
      17
      14
      11
       9
      10
       4
       2
       9
       5
       2
       2
       6
       2
       6
       4
       0
       1
       1
       3
       1
       1
       1
       3
       2
       3
       3
       0
       0
       0
       1
       0
       1
       0
       1
       1
       2
       1
       0
       1
       0
       0
       1
       3
       0
       2
       1
       2
       0
       0
       0
       0
       0
       0
       1
       1
       0
       1
       1
       1
       2
       0
       2
       0
       1
       0
       0
       0
       0
       0
       0
       1
       0
       0
       0
       1
       2
       0
       0
       0
       0
       0
       0
       1
       2
       0
       1
       1
       1
       0
       0
       1
       1
       2
       1
       0
       0
       0
       0
       0
       0
       0
       0
       0
       1
       0
       1
       2
       0
       0
       0
       0
       0
       0
       0
       0
       0
       1
       1
       0
       0
       0
       0
       0
       0
       1
       0
       0
       0
       1
       0
       0
       0
       1
       0
       0
       0
       1
       0
       0
       0
       0
       0
       0
       0
       0
       0
       0
       0
       0
       3
       0
       0
       0
       0
       0
       0
       0
       1
       1
       0
       0
       0
       0
       1
       0
       0
       0
       0
       1
       0
       1
       1
       1
       1
       1
       3
       0
       1
       1
       0
       0
       0
       1
       0
       0
       0
       0
       0
       1
       0
       1
       1
       0
       0
       0
       0
       0
       2
       1
       0
       0
       2
       0
       1
       0
       0
       0
       0
       0
       0
       0
       0
       0
       0
       1
       0
       0
       0
       0
       0
       0
       1
       0
       0
       1
       0
       0
       0
       0
       1
       0
       0
       1
       0
       1
       0
       0
       0
       0
       0
       1
       0
       0
       0
       0
       0
       1
       1
       0
       0
       0
       1
       0
       0
       0
       0
       0
       1
       0
       0
       0
       0
       1
       0
       0
       0
       1
       0
       0
       1
       1
       0
       0
       0
       2
       0
       0
       0
       1
       0
       0
       0
       1
       0
       2
       0
       0
       0
       1
       2
       1
       0
       0
       1
       0
       0
       0
       0
       0
       0
       0
       0
       0
       0
       0
       1
       0
       0
       0
       0
       0
       0
       0
       0
       0
       0
       0
       0
       0
       1
       1
       0
       0
       0
       0
       0
       1
       0
       0
       0
       1
       0
       0
       0
       0
       0
       0
       0
       1
       0
       0
       0
       0
       0
       0
       0
       0
       0
       0
       0
       0
       0
       0
       0
       0
       0
       0
       0
       0
       0
       0
       0
       0
       0
       0
       0
       0
       0
       0
       0
       0
       0
       0
       0
       0
       0
       0
       0
       0
       0
       0
       1
       0
       0
       0
       0
       0
       0
       0
       0
       0
       0
       0
       0
       0
       0
       0
       0
       0
       0
       0
       0
       0
       0
       1
       0
       0
       0
       0
       0
       0
       0
       0
       0
       0
       1
       0
       0
       0
       0
       0
       0
       0
       0
       0
       0
       0
       0
       0
       1
       0
       0
       0
       0
       0
       1
       0
       0
       0
       0
       0
       0
       0
       1
       0
       0
       0
       0
       0
       0
       2
       0
       0
       0
       0
       0
       0
       0
       0
       0
       0
       1
       0
       0
       0
       0
       0
       0
       0
       0
       0
       0
       0
       0
       0
       0
       0
       0
       0
       0
       0
       0
       0
       0
       0
       0
       0
       0
       0
       0
       0
       0
       0
       0
       0
       0
       0
       0
       0
       0
       0
       0
       0
       0
       0
       0
       0
       0
       0
       0
       0
       0
       0
       0
       0
       0
       0
       0
       0
       0
       0
       0
       0
       0
       0
       0
       0
       0
       0
       0
       0
       0
       0
       0
       0
       0
       0
       0
       0
       0
       0
       1
       0
       0
       0
       0
       0
       0
       0
       0
       0
       0
       1
       0
       0
       0
       0
       0
       0
       0
       0
       0
       0
       0
       0
       0
       0
       0
       0
       0
       0
       0
       0
       0
       0
       0
       0
       0
       0
       0
       0
       0
       2
       0
       0
       0
       1
       0
       0
       0
       0
       0
       0
       1
       0
       0
       1
       0
       0
       0
       0
       0
       0
       0
       0
       0
       0
       0
       0
       0
       0
       0
       0
       0
       0
       0
       0
       0
       0
       0
       0
       0
       0
       0
       0
       0
       1
       0
       0
       0
       0
       0
       0
       0
       0
       0
       0
       0
       0
       0
       0
       0
       0
       0
       0
       0
       0
       0
       0
       0
       0
       0
       0
       0
       0
       0
       0
       0
       0
       0
       0
       0
       0
       0
       0
       0
       0
       0
       0
       0
       0
       0
       0
       0
       0
       0
       0
       0
       0
$ROI:
0
$PRESETS:
None
0
0
$ENER_FIT:
-10.130505 2.230151
$MCA_CAL:
3
-1.013050E+001 2.230151E+000 -7.695740E-005 keV
$SHAPE_CAL:
3
6.128848E+000 7.994157E-002 -1.373380E-004
