$SPEC_ID:
No sample description was entered.
$SPEC_REM:
DET# 1
DETDESC# SPACESCIENCE4 digiBASE-RH SN 15121435
AP# Maestro Version 7.01
$DATE_MEA:
10/28/2025 12:03:51
$MEAS_TIM:
30 30
$DATA:
0 1023
       0
       0
       0
       0
       0
       0
       0
       0
       0
       0
       0
       0
       0
       0
       0
      11
     173
     222
     219
     160
     137
     121
     118
     128
      73
      98
     101
     100
      96
     102
     104
     113
     105
     131
     119
     114
     131
     140
     107
     113
     106
     139
     145
     152
     142
     128
     131
     146
     128
     152
     157
     158
     142
     146
     138
     188
     167
     143
     174
     168
     154
     176
     148
     142
     172
     154
     131
     146
     140
     155
     163
     154
     154
     144
     145
     149
     143
     157
     147
     146
     180
     166
     164
     153
     160
     180
     202
     160
     171
     179
     169
     186
     188
     159
     185
     174
     165
     205
     174
     181
     178
     163
     175
     162
     172
     141
     167
     153
     148
     172
     159
     158
     154
     155
     137
     154
     150
     156
     136
     129
     135
     151
     142
     125
     122
     131
     129
     124
     117
     130
     113
     110
     115
     127
     135
     116
     117
     115
     119
     103
     104
     119
      88
     106
     104
      96
      90
      98
     103
      88
     108
      95
     101
     119
      98
     107
     107
      94
      99
     107
      91
      86
      84
      84
      99
      89
     104
      98
      95
      85
      86
      87
     114
      93
      94
      60
      85
      82
      83
      89
     103
      72
      70
      90
      91
      86
      89
      90
      77
      84
      81
      73
      75
      65
      69
      58
      70
      62
      50
      49
      62
      73
      47
      54
      57
      40
      49
      50
      54
      41
      34
      38
      36
      32
      39
      25
      26
      29
      24
      23
      28
      37
      27
      31
      21
      25
      25
      23
      20
      13
      30
      25
      19
      20
      15
      19
      10
      16
      18
      24
      13
      15
      21
      12
      22
      15
      29
      20
      18
      21
      18
      24
      26
      31
      33
      36
      33
      45
      41
      48
      57
      67
      55
      58
      68
      80
      91
      88
      87
      94
     119
     120
     138
     129
     143
     149
     148
     157
     173
     168
     179
     193
     162
     191
     228
     214
     208
     227
     198
     188
     219
     196
     188
     195
     223
     187
     187
     205
     166
     194
     169
     157
     178
     179
     148
     134
     135
     119
     103
     108
     116
     120
     100
      84
     101
      77
      69
      80
      71
      59
      64
      47
      57
      60
      47
      49
      47
      47
      55
      36
      39
      42
      27
      29
      38
      25
      32
      28
      23
      22
      14
      18
      20
      15
      13
      12
       8
      13
       7
      12
       9
      11
       7
       7
       7
       4
       3
       8
       7
       4
       3
       1
       2
       2
       2
       7
       3
       2
       2
       0
       1
       3
       1
       1
       1
       0
       2
       2
       2
       2
       0
       4
       0
       1
       3
       2
       2
       0
       0
       1
       0
       1
       1
       1
       2
       2
       1
       1
       0
       1
       2
       1
       0
       0
       1
       0
       0
       0
       0
       0
       0
       0
       0
       0
       0
       0
       1
       1
       1
       1
       1
       1
       0
       0
       1
       1
       0
       0
       0
       1
       0
       0
       1
       0
       0
       0
       0
       0
       1
       0
       0
       0
       0
       0
       0
       0
       0
       1
       0
       1
       0
       0
       2
       0
       1
       1
       0
       1
       0
       1
       1
       0
       0
       0
       0
       1
       0
       0
       2
       1
       0
       0
       1
       2
       2
       0
       0
       0
       0
       0
       0
       0
       0
       0
       0
       0
       0
       0
       2
       0
       0
       0
       0
       0
       0
       0
       0
       0
       0
       0
       0
       1
       0
       0
       0
       1
       0
       1
       0
       2
       0
       0
       0
       0
       0
       1
       0
       1
       0
       0
       0
       1
       1
       1
       0
       1
       1
       1
       0
       0
       0
       1
       1
       1
       0
       0
       0
       0
       1
       0
       0
       1
       2
       0
       0
       0
       1
       0
       1
       0
       0
       0
       0
       0
       0
       0
       0
       0
       0
       0
       1
       0
       1
       0
       0
       0
       0
       0
       0
       0
       0
       0
       0
       2
       0
       0
       1
       1
       0
       1
       0
       0
       0
       0
       1
       0
       1
       1
       0
       1
       0
       0
       0
       0
       0
       0
       0
       0
       0
       1
       0
       1
       0
       0
       1
       1
       0
       0
       0
       0
       0
       0
       0
       1
       0
       1
       1
       0
       1
       0
       0
       1
       1
       0
       0
       0
       0
       0
       1
       0
       1
       0
       2
       1
       0
       0
       0
       0
       0
       0
       2
       0
       1
       0
       1
       0
       0
       0
       0
       2
       1
       1
       0
       0
       2
       0
       0
       1
       0
       0
       0
       0
       0
       0
       0
       1
       0
       0
       0
       0
       0
       0
       0
       0
       0
       0
       1
       0
       0
       1
       0
       0
       0
       0
       0
       0
       0
       0
       1
       0
       0
       0
       0
       0
       0
       0
       0
       0
       0
       0
       0
       0
       0
       0
       1
       0
       0
       0
       1
       0
       0
       0
       0
       0
       0
       0
       0
       0
       1
       0
       0
       0
       0
       1
       0
       1
       0
       0
       0
       0
       0
       0
       0
       0
       0
       0
       0
       0
       0
       1
       0
       0
       0
       0
       2
       0
       0
       0
       0
       0
       0
       0
       0
       0
       0
       0
       0
       1
       0
       0
       0
       0
       0
       0
       0
       0
       0
       0
       0
       0
       1
       0
       0
       0
       1
       0
       0
       0
       0
       0
       0
       0
       0
       0
       0
       0
       0
       0
       0
       0
       0
       0
       0
       0
       0
       0
       0
       0
       1
       0
       0
       1
       0
       0
       0
       0
       0
       0
       0
       0
       0
       0
       0
       0
       0
       0
       0
       0
       0
       0
       0
       0
       0
       0
       0
       0
       0
       0
       0
       0
       0
       0
       0
       0
       0
       0
       0
       0
       1
       0
       0
       0
       0
       0
       0
       0
       0
       0
       0
       0
       1
       0
       0
       0
       0
       0
       0
       0
       0
       1
       0
       0
       0
       0
       0
       0
       0
       0
       0
       0
       0
       0
       0
       1
       0
       0
       0
       0
       0
       0
       0
       1
       0
       0
       0
       0
       0
       0
       0
       0
       0
       0
       0
       0
       0
       0
       0
       1
       0
       0
       0
       0
       0
       0
       0
       0
       0
       0
       0
       0
       0
       0
       0
       0
       0
       0
       0
       0
       0
       0
       0
       0
       1
       0
       0
       0
       0
       0
       0
       0
       0
       1
       0
       0
       0
       0
       0
       0
       0
       0
       0
       0
       0
       0
       0
       0
       0
       0
       0
       0
       0
       0
       0
       0
       0
       0
       0
       0
       0
       0
       0
       0
       0
       0
       0
       0
       0
       0
       0
       0
       0
       0
       0
       0
       0
       0
       0
       0
       0
       0
       0
       0
       0
       0
       0
       0
       0
       0
       0
       0
       0
       0
       0
       0
       0
       0
       0
       0
       0
       0
       0
       0
       0
       0
       0
       0
       0
       0
       0
       0
       0
       0
       0
       0
       0
       0
       0
       0
       0
       0
       0
       0
       0
       0
$ROI:
0
$PRESETS:
None
0
0
$ENER_FIT:
-10.130505 2.230151
$MCA_CAL:
3
-1.013050E+001 2.230151E+000 -7.695740E-005 keV
$SHAPE_CAL:
3
6.128848E+000 7.994157E-002 -1.373380E-004
