$SPEC_ID:
No sample description was entered.
$SPEC_REM:
DET# 2
DETDESC# SPACESCIENCE8 digiBASE-RH SN 15121449
AP# Maestro Version 7.01
$DATE_MEA:
11/03/2025 14:39:36
$MEAS_TIM:
36 36
$DATA:
0 1023
       0
       0
       0
       0
       0
       0
       0
       0
       0
       0
      34
     457
     596
     724
     954
    1171
    1544
    2027
    2547
    3113
    3494
    3774
    3857
    3951
    3851
    3521
    2920
    2588
    2091
    1561
    1165
     806
     602
     386
     248
     174
     125
      80
      66
      54
      47
      44
      29
      39
      33
      25
      41
      26
      29
      24
      44
      32
      23
      19
      23
      20
      22
      22
      23
      22
      19
      26
      26
      17
      22
      15
      19
      18
      29
      24
      12
      15
      11
      22
      25
      13
      10
      18
      15
      15
      19
      20
      15
      16
      13
      13
      12
      15
      17
      11
      19
      19
      15
       8
      14
      17
      16
      11
      12
      14
       6
       8
      12
      10
      15
       7
       9
      10
       7
       8
      20
       6
      10
       9
      12
       7
      10
      10
       6
       9
       8
       4
       7
       4
       8
       9
       2
       6
      13
       7
       8
       3
       8
       5
       2
       7
      17
       8
       8
       3
       9
       6
       6
      10
       5
       7
       5
       7
       7
       8
       4
       6
       6
       8
       6
       5
       6
       3
       7
       9
       6
       5
       7
       5
       2
       2
       8
       1
       3
       7
       3
       7
       2
       2
       4
       3
       2
       3
       6
       4
       5
       9
       4
       7
       9
       5
       2
       2
       4
       4
       1
       1
       4
       2
       2
       2
       6
       3
       3
       1
       4
       3
       2
       2
       1
       4
       6
       4
       2
       2
       1
       4
       4
       4
       6
       3
       5
       3
       1
       3
       2
       1
       1
       3
       3
       1
       4
       2
       0
       1
       2
       2
       2
       5
       5
       0
       5
       3
       3
       2
       3
       0
       8
       7
       3
       3
       1
       6
       2
       5
       0
       2
       0
       3
       4
       1
       2
       0
       6
       2
       2
       2
       2
       5
       4
       3
       3
       2
       5
       4
       3
       5
       3
       2
       5
       5
       4
       7
       1
       5
       2
       4
       1
       4
       2
       2
       2
       1
       0
       1
       2
       5
       3
       6
       1
       2
       5
       2
       3
       2
       2
       3
       2
       5
       4
       4
       4
       5
       3
       2
       2
       2
       3
       0
       0
       1
       6
       1
       0
       2
       0
       0
       1
       0
       1
       0
       2
       0
       1
       2
       1
       2
       0
       1
       2
       1
       1
       0
       0
       1
       3
       2
       1
       0
       0
       0
       0
       0
       1
       1
       0
       0
       1
       0
       1
       4
       1
       1
       1
       0
       1
       1
       1
       2
       1
       3
       0
       0
       0
       0
       3
       2
       2
       0
       3
       2
       0
       1
       1
       1
       1
       1
       1
       2
       2
       2
       5
       2
       0
       0
       1
       1
       1
       0
       1
       0
       0
       2
       0
       1
       1
       0
       0
       1
       4
       2
       0
       1
       2
       1
       1
       1
       0
       0
       0
       0
       0
       2
       0
       1
       1
       1
       1
       0
       0
       1
       2
       1
       0
       0
       2
       1
       2
       1
       1
       0
       0
       0
       1
       0
       0
       2
       0
       0
       1
       0
       1
       1
       0
       1
       1
       0
       0
       1
       1
       2
       1
       0
       0
       0
       0
       0
       0
       2
       1
       2
       0
       0
       1
       1
       0
       1
       0
       0
       1
       2
       1
       2
       0
       0
       0
       1
       2
       1
       2
       0
       1
       2
       0
       0
       0
       1
       1
       1
       0
       1
       0
       1
       0
       1
       0
       0
       1
       1
       0
       0
       0
       0
       0
       1
       0
       1
       0
       0
       3
       0
       2
       1
       2
       0
       0
       2
       0
       0
       0
       0
       0
       0
       1
       0
       2
       0
       0
       0
       0
       0
       0
       0
       0
       1
       0
       0
       1
       2
       0
       0
       0
       1
       0
       0
       1
       0
       1
       1
       0
       0
       2
       0
       1
       0
       1
       0
       1
       0
       0
       2
       0
       1
       0
       1
       0
       0
       0
       0
       0
       0
       2
       0
       0
       0
       0
       0
       0
       0
       0
       1
       0
       1
       1
       1
       2
       1
       0
       0
       1
       0
       0
       1
       0
       0
       0
       1
       2
       0
       1
       0
       1
       2
       0
       0
       0
       1
       0
       0
       2
       0
       0
       2
       2
       1
       1
       0
       1
       1
       2
       1
       2
       1
       1
       2
       0
       2
       2
       1
       1
       1
       2
       1
       3
       4
       0
       0
       2
       0
       2
       1
       1
       1
       1
       0
       1
       1
       1
       2
       0
       1
       3
       1
       1
       0
       0
       1
       0
       4
       0
       1
       0
       0
       1
       2
       1
       0
       1
       0
       1
       0
       0
       0
       0
       0
       1
       1
       0
       0
       0
       1
       0
       0
       0
       0
       0
       0
       0
       0
       0
       0
       0
       0
       0
       0
       0
       0
       0
       0
       0
       0
       0
       0
       0
       0
       0
       0
       0
       0
       1
       0
       0
       0
       0
       0
       0
       0
       1
       0
       0
       1
       0
       0
       0
       0
       0
       0
       0
       0
       0
       1
       1
       0
       0
       0
       0
       0
       0
       0
       0
       0
       1
       1
       1
       1
       0
       1
       0
       0
       0
       1
       1
       0
       0
       0
       0
       1
       0
       1
       0
       0
       0
       0
       1
       1
       0
       1
       0
       0
       0
       0
       0
       0
       0
       1
       0
       1
       0
       0
       0
       0
       1
       0
       0
       0
       0
       0
       3
       1
       0
       1
       0
       2
       0
       0
       2
       0
       0
       1
       0
       0
       0
       0
       0
       0
       1
       0
       0
       0
       0
       0
       1
       0
       0
       0
       0
       0
       0
       0
       0
       0
       0
       0
       0
       0
       1
       0
       0
       0
       0
       0
       0
       0
       0
       0
       0
       0
       1
       0
       0
       0
       0
       0
       0
       0
       0
       0
       0
       0
       0
       1
       0
       0
       0
       0
       0
       0
       0
       0
       0
       0
       0
       0
       0
       0
       0
       1
       0
       0
       0
       0
       0
       0
       0
       0
       0
       0
       0
       1
       0
       0
       0
       0
       0
       0
       0
       0
       0
       0
       0
       0
       0
       0
       0
       0
       1
       0
       0
       0
       0
       0
       1
       1
       0
       0
       0
       0
       0
       0
       0
       0
       0
       0
       1
       1
       0
       0
       0
       0
       0
       0
       0
       0
       0
       0
       1
       0
       0
       0
       0
       0
       0
       0
       0
       0
       0
       0
       0
       0
       1
       2
       0
       0
       0
       0
       0
       0
       0
       0
       0
       0
       0
       0
       0
       0
       0
       0
       0
       1
       0
       0
       0
       0
       0
       0
       0
       0
       0
       0
       0
       0
       0
       0
       0
       0
       0
       0
       0
       0
       1
       1
       0
       1
       0
       0
       0
       1
       0
       0
       0
       0
       0
       0
       0
       0
       0
       0
       0
       0
       0
       0
       0
       0
       0
       0
       0
       0
       0
       0
       0
       0
       0
       0
       0
       0
       0
       0
       0
       0
$ROI:
0
$PRESETS:
None
0
0
$ENER_FIT:
0.000000 2.205567
$MCA_CAL:
3
0.000000E+000 2.205567E+000 0.000000E+000 keV
$SHAPE_CAL:
3
0.000000E+000 0.000000E+000 0.000000E+000
