$SPEC_ID:
No sample description was entered.
$SPEC_REM:
DET# 2
DETDESC# SPACESCIENCE8 digiBASE-RH SN 15121449
AP# Maestro Version 7.01
$DATE_MEA:
11/03/2025 14:40:52
$MEAS_TIM:
43 43
$DATA:
0 1023
       0
       0
       0
       0
       0
       0
       0
       0
       0
       0
      56
     535
     798
     937
    1119
    1531
    2077
    2543
    3208
    3906
    4410
    4935
    5070
    5185
    4673
    4270
    3745
    3095
    2396
    1985
    1391
     994
     687
     470
     332
     206
     147
      86
      83
      54
      50
      36
      36
      46
      43
      37
      39
      28
      25
      31
      26
      40
      18
      23
      28
      19
      18
      22
      30
      20
      27
      22
      26
      29
      22
      24
      22
      23
      28
      22
      16
      19
      21
      20
      16
      14
      16
      22
      19
      16
      15
      10
      14
      17
      22
      10
      16
      21
      10
      15
      16
       9
      17
      13
      13
      12
      16
      11
      12
      10
       9
       6
      10
       7
       7
      10
       8
       5
       9
      10
      12
      11
      21
       4
       6
       5
      10
       8
      13
      12
      11
       9
       5
       5
       9
      14
       4
       2
      10
       6
       8
       5
      12
       5
       3
       5
       4
       7
      11
      10
       8
       8
       9
       5
      10
       5
       5
       8
      11
       6
      12
       5
       7
      10
       5
       5
       7
       4
       9
       5
       8
       7
       8
       5
       1
       5
       4
       3
       1
       2
       2
       4
       2
       5
       6
       1
       2
       4
       4
       4
       2
       3
       3
       5
       2
       5
       2
       1
       4
       5
       2
       4
       1
       2
       2
       5
       1
       4
       4
       4
       2
       4
       6
       6
       5
       3
       2
       4
       5
       3
       0
       3
       4
       7
       1
       3
       3
       3
       5
       3
       3
       6
       3
       1
       1
       7
       2
       3
       2
       1
       5
       1
       4
       2
       8
       5
       0
       1
       4
       3
       4
       0
       2
       3
       1
       1
       3
       4
       2
       5
       4
       2
       4
       0
       2
       4
       4
       3
       4
       1
       2
       0
       2
       2
       5
       2
       2
       2
       1
       2
       1
       3
       3
       3
       3
       3
       0
       2
       1
       0
       4
       2
       2
       4
       1
       0
       1
       2
       3
       0
       3
       2
       0
       1
       2
       3
       4
       0
       2
       2
       1
       0
       4
       1
       0
       0
       0
       2
       2
       1
       1
       2
       0
       0
       2
       3
       1
       1
       2
       1
       1
       3
       4
       2
       2
       1
       1
       4
       1
       4
       2
       5
       2
       1
       1
       1
       0
       3
       0
       2
       0
       0
       1
       4
       0
       2
       1
       0
       1
       1
       4
       1
       1
       0
       2
       1
       2
       1
       0
       2
       0
       2
       5
       1
       3
       0
       2
       2
       0
       1
       1
       1
       0
       0
       2
       0
       1
       1
       0
       0
       2
       2
       1
       3
       1
       0
       0
       3
       2
       1
       2
       1
       1
       2
       0
       1
       2
       3
       0
       2
       2
       1
       1
       1
       0
       1
       0
       1
       0
       0
       2
       2
       3
       2
       1
       2
       0
       1
       2
       0
       0
       1
       2
       1
       4
       1
       0
       2
       1
       0
       1
       3
       1
       1
       3
       1
       2
       0
       2
       3
       0
       2
       2
       0
       2
       0
       3
       0
       2
       1
       2
       1
       0
       0
       1
       1
       0
       2
       0
       0
       1
       0
       0
       0
       0
       0
       1
       0
       1
       0
       0
       0
       1
       1
       0
       0
       1
       0
       0
       2
       0
       1
       0
       0
       0
       1
       1
       0
       0
       0
       1
       0
       0
       1
       0
       2
       0
       1
       0
       0
       0
       0
       0
       0
       1
       1
       0
       0
       2
       1
       0
       0
       1
       0
       0
       0
       1
       0
       3
       0
       1
       1
       1
       2
       2
       0
       3
       2
       0
       0
       1
       0
       1
       0
       0
       0
       1
       0
       0
       0
       0
       1
       3
       0
       0
       0
       0
       2
       0
       0
       1
       0
       0
       0
       0
       0
       1
       0
       0
       1
       0
       0
       0
       1
       2
       2
       0
       3
       1
       0
       0
       1
       3
       0
       1
       1
       0
       1
       0
       0
       0
       0
       1
       0
       0
       0
       0
       1
       2
       0
       0
       0
       1
       0
       1
       0
       0
       0
       1
       0
       0
       0
       0
       1
       3
       2
       1
       1
       2
       0
       0
       1
       2
       0
       0
       2
       0
       2
       1
       1
       0
       1
       3
       0
       0
       2
       0
       4
       1
       1
       2
       0
       2
       2
       2
       3
       0
       2
       5
       2
       1
       2
       2
       1
       2
       3
       0
       4
       1
       0
       1
       1
       0
       2
       2
       0
       0
       0
       1
       2
       0
       0
       0
       0
       0
       1
       1
       0
       1
       0
       0
       0
       0
       0
       1
       1
       0
       0
       0
       0
       2
       0
       1
       1
       0
       0
       0
       0
       0
       0
       0
       0
       0
       0
       0
       1
       1
       0
       0
       0
       0
       0
       0
       1
       0
       1
       0
       0
       1
       0
       0
       0
       1
       0
       0
       0
       0
       0
       1
       0
       0
       0
       0
       0
       0
       0
       0
       0
       0
       0
       0
       0
       0
       0
       0
       0
       1
       0
       0
       1
       0
       0
       0
       0
       0
       0
       1
       1
       0
       1
       1
       0
       0
       0
       0
       1
       0
       0
       1
       0
       0
       1
       0
       0
       0
       0
       0
       0
       0
       0
       0
       0
       0
       0
       0
       0
       0
       0
       1
       0
       0
       0
       0
       0
       0
       1
       1
       0
       0
       0
       0
       0
       0
       0
       0
       0
       0
       0
       0
       0
       0
       0
       0
       0
       1
       0
       0
       0
       0
       0
       0
       0
       0
       0
       0
       0
       0
       0
       0
       0
       0
       0
       0
       0
       0
       0
       0
       0
       0
       0
       0
       0
       2
       0
       0
       0
       0
       0
       0
       0
       0
       0
       0
       0
       0
       0
       0
       0
       1
       0
       0
       0
       0
       0
       0
       0
       0
       0
       0
       0
       0
       0
       0
       0
       0
       1
       1
       1
       0
       0
       0
       0
       0
       0
       0
       0
       0
       0
       0
       0
       0
       0
       0
       0
       0
       0
       0
       0
       0
       0
       0
       0
       0
       0
       0
       0
       0
       0
       0
       1
       1
       0
       0
       0
       0
       0
       0
       0
       0
       0
       0
       0
       0
       0
       0
       0
       0
       0
       0
       0
       0
       0
       0
       0
       0
       0
       0
       0
       0
       0
       0
       0
       0
       1
       0
       1
       0
       0
       0
       0
       0
       0
       0
       0
       0
       0
       0
       0
       0
       0
       1
       0
       2
       0
       0
       0
       0
       1
       0
       1
       0
       1
       0
       0
       0
       0
       0
       0
       0
       0
       0
       0
       0
       0
       0
       1
       0
       0
       0
       0
       0
       0
       0
       1
       0
       0
       0
       0
       0
       0
       0
       0
       0
       0
       0
       0
       0
       0
       0
       0
       0
       0
       0
       0
       0
       0
       0
       0
       0
       0
       0
       0
       0
       0
       1
       0
       0
       0
       0
       0
       0
       0
       0
       0
$ROI:
0
$PRESETS:
None
0
0
$ENER_FIT:
0.000000 2.205567
$MCA_CAL:
3
0.000000E+000 2.205567E+000 0.000000E+000 keV
$SHAPE_CAL:
3
0.000000E+000 0.000000E+000 0.000000E+000
