$SPEC_ID:
No sample description was entered.
$SPEC_REM:
DET# 2
DETDESC# SPACESCIENCE8 digiBASE-RH SN 15121449
AP# Maestro Version 7.01
$DATE_MEA:
11/03/2025 14:43:00
$MEAS_TIM:
34 34
$DATA:
0 1023
       0
       0
       0
       0
       0
       0
       0
       0
       0
       0
      43
     450
     594
     732
     981
    1296
    1722
    2182
    2786
    3245
    3668
    4008
    4215
    4199
    3889
    3509
    2965
    2593
    2086
    1510
    1146
     811
     521
     350
     252
     136
      93
      98
      70
      58
      52
      45
      28
      35
      27
      37
      33
      43
      28
      25
      25
      36
      32
      21
      17
      30
      18
      20
      22
      21
      25
      26
      22
      18
      23
      19
      18
       6
      11
      13
      30
      21
      10
      16
      14
      19
      19
      14
       6
      17
       9
      10
      12
      10
      10
      16
      12
      15
      11
      10
      13
      11
      14
      17
      10
      12
       9
       5
      10
      11
       7
       8
      16
      10
       8
       8
       6
       6
      15
       5
       6
       6
      10
       5
      13
       7
      13
       8
       6
      11
       7
       6
      11
       5
       7
       6
      13
       6
       5
       6
      11
      10
       7
       2
       9
       4
       4
       7
       5
       8
       5
       4
       7
      10
       4
       5
       5
       4
       3
       4
       7
       8
       9
       6
       6
       5
       8
       4
       1
       6
       5
       3
       1
       2
       5
       4
       4
       4
       1
       5
       5
       3
       1
       2
       9
       3
       2
       1
       1
       2
       1
       4
       6
       6
       1
       4
       5
       2
       2
       1
       2
       9
       4
       5
       6
       4
       4
       7
       4
       2
       5
       4
       3
       1
       5
       4
       2
       0
       7
       2
       3
       3
       1
       3
       3
       3
       2
       3
       1
       9
       0
       4
       3
       1
       3
       1
       3
       3
       3
       0
       3
       2
       3
       4
       1
       1
       2
       3
       3
       5
       3
       1
       5
       4
       2
       4
       4
       4
       2
       2
       3
       2
       4
       0
       3
       5
       1
       4
       2
       2
       4
       3
       2
       4
       4
       1
       2
       2
       1
       4
       3
       5
       3
       1
       3
       2
       3
       0
       3
       4
       4
       2
       0
       3
       0
       1
       0
       0
       4
       0
       2
       1
       2
       1
       3
       1
       1
       1
       1
       1
       1
       0
       1
       2
       1
       1
       1
       2
       0
       3
       1
       2
       0
       2
       2
       2
       2
       4
       2
       1
       0
       2
       0
       0
       0
       0
       0
       3
       0
       0
       2
       1
       1
       1
       1
       0
       1
       1
       0
       2
       1
       0
       2
       2
       1
       2
       0
       0
       1
       0
       0
       3
       1
       2
       0
       0
       0
       1
       1
       0
       1
       1
       2
       2
       2
       0
       2
       3
       2
       0
       0
       2
       1
       0
       0
       1
       1
       0
       0
       1
       0
       2
       1
       2
       0
       1
       2
       4
       0
       0
       3
       3
       0
       1
       0
       0
       2
       0
       1
       0
       0
       0
       1
       0
       1
       0
       0
       0
       1
       2
       1
       1
       1
       0
       0
       2
       0
       1
       2
       0
       0
       0
       2
       2
       0
       0
       0
       0
       2
       0
       2
       2
       0
       4
       2
       0
       0
       2
       1
       1
       0
       1
       0
       0
       1
       1
       2
       2
       0
       0
       0
       0
       0
       0
       0
       0
       1
       1
       2
       1
       1
       0
       1
       0
       1
       1
       0
       1
       1
       0
       0
       0
       1
       0
       2
       0
       0
       1
       1
       1
       1
       1
       0
       0
       0
       0
       1
       3
       3
       1
       0
       0
       1
       0
       0
       1
       0
       2
       2
       0
       0
       1
       0
       0
       0
       1
       0
       1
       1
       1
       2
       1
       0
       0
       0
       1
       2
       0
       0
       2
       0
       1
       0
       2
       1
       1
       0
       1
       2
       0
       0
       1
       1
       0
       0
       1
       0
       0
       1
       0
       0
       1
       1
       1
       0
       0
       0
       1
       0
       0
       1
       1
       1
       0
       1
       0
       0
       1
       0
       0
       0
       0
       1
       0
       0
       2
       0
       1
       0
       0
       0
       0
       0
       1
       0
       0
       0
       0
       0
       0
       0
       0
       1
       0
       0
       1
       0
       0
       0
       0
       0
       2
       0
       0
       0
       0
       2
       3
       3
       0
       0
       3
       2
       0
       0
       1
       2
       1
       2
       2
       1
       1
       2
       2
       1
       0
       1
       0
       0
       3
       4
       0
       0
       3
       1
       3
       0
       2
       2
       1
       0
       1
       2
       1
       0
       1
       3
       0
       2
       1
       2
       0
       2
       1
       0
       2
       1
       2
       1
       1
       2
       1
       0
       4
       0
       0
       2
       1
       1
       1
       1
       0
       1
       0
       1
       0
       1
       0
       1
       1
       1
       0
       2
       0
       0
       1
       0
       0
       0
       0
       0
       1
       1
       0
       0
       0
       0
       1
       0
       2
       0
       0
       0
       0
       0
       0
       0
       0
       0
       0
       0
       0
       0
       0
       0
       1
       0
       1
       0
       1
       0
       1
       0
       1
       1
       0
       0
       0
       0
       0
       0
       0
       0
       1
       2
       0
       0
       0
       0
       0
       0
       0
       0
       0
       0
       0
       0
       0
       0
       0
       0
       0
       0
       0
       0
       0
       0
       1
       0
       0
       0
       2
       1
       0
       0
       0
       1
       0
       0
       0
       0
       0
       0
       0
       0
       0
       1
       0
       0
       1
       1
       0
       0
       0
       1
       1
       0
       0
       0
       0
       0
       0
       2
       1
       0
       0
       0
       0
       0
       0
       0
       2
       0
       1
       1
       0
       0
       0
       0
       0
       1
       0
       0
       0
       0
       0
       1
       0
       0
       0
       0
       0
       0
       0
       0
       0
       0
       0
       0
       0
       0
       0
       0
       0
       1
       0
       0
       0
       0
       0
       1
       0
       0
       0
       0
       0
       0
       0
       1
       0
       1
       0
       0
       1
       0
       0
       0
       0
       0
       0
       0
       0
       0
       0
       0
       0
       0
       1
       0
       1
       0
       0
       0
       0
       0
       0
       0
       0
       0
       0
       0
       0
       0
       0
       0
       0
       0
       0
       0
       0
       0
       0
       0
       1
       0
       0
       0
       0
       0
       0
       0
       0
       1
       0
       0
       0
       0
       0
       0
       0
       0
       0
       0
       0
       0
       0
       0
       0
       0
       1
       0
       0
       0
       0
       0
       0
       0
       0
       0
       0
       0
       0
       0
       0
       0
       0
       0
       0
       0
       0
       0
       0
       0
       0
       0
       0
       0
       0
       0
       0
       0
       0
       0
       0
       0
       0
       0
       0
       0
       0
       0
       1
       0
       0
       0
       0
       0
       0
       0
       0
       0
       0
       0
       0
       0
       0
       0
       0
       0
       0
       0
       0
       0
       0
       0
       1
       0
       0
       0
       0
       0
       0
       0
       0
       0
       0
       0
       0
       0
       0
       0
       0
       0
       0
       0
       0
       0
       1
       0
       0
       0
       0
       0
       0
       0
       0
       0
       0
       0
       0
       0
       0
       0
       0
       0
       0
       0
       0
       0
       0
       0
       0
       1
       0
$ROI:
0
$PRESETS:
None
0
0
$ENER_FIT:
0.000000 2.205567
$MCA_CAL:
3
0.000000E+000 2.205567E+000 0.000000E+000 keV
$SHAPE_CAL:
3
0.000000E+000 0.000000E+000 0.000000E+000
