$SPEC_ID:
No sample description was entered.
$SPEC_REM:
DET# 2
DETDESC# SPACESCIENCE8 digiBASE-RH SN 15121449
AP# Maestro Version 7.01
$DATE_MEA:
11/03/2025 14:44:11
$MEAS_TIM:
34 34
$DATA:
0 1023
       0
       0
       0
       0
       0
       0
       0
       0
       0
       0
      55
     455
     643
     782
     921
    1306
    1691
    2298
    2917
    3299
    3847
    4264
    4271
    4249
    3942
    3655
    3142
    2521
    2105
    1488
    1074
     830
     482
     336
     219
     141
     129
      81
      58
      43
      34
      48
      50
      39
      32
      24
      34
      31
      33
      30
      28
      27
      26
      20
      29
      21
      19
      16
      18
      20
      22
      22
      20
      18
      22
      20
      23
      20
      13
      15
      17
      17
      19
      22
      20
      15
      26
      19
      28
      10
      10
       9
      11
      10
      12
      10
      10
      21
      20
      14
      13
       7
      12
      11
       8
      12
      11
       7
      10
      12
      14
       9
      10
       4
      11
      11
       6
      11
      11
      10
      11
      13
       9
       8
       9
      10
       4
      13
       7
       5
      12
      10
       8
       9
       8
       7
       9
       7
       5
       7
       9
       8
       9
       5
       8
       4
       3
       7
      10
       5
       9
       7
       4
      10
       3
       3
       8
       4
       4
       4
       6
       9
       5
      10
       5
       3
       6
       7
       5
       8
       5
       9
       4
       4
      10
       3
       7
       1
       4
       3
       5
       2
       4
       3
       2
       1
       4
       5
       2
       3
       4
       4
       4
       2
       3
       3
       2
       7
       2
       3
       3
       4
       4
       3
       5
       5
       0
       2
       6
       4
       7
       0
       4
       4
       2
       4
       6
       3
       1
       2
       3
       1
       3
       3
       2
       4
       4
       4
       2
       1
       5
       3
       6
       4
       5
       2
       3
       3
       3
       3
       3
       3
       2
       2
       1
       3
       3
       2
       3
       2
       1
       3
       3
       3
       2
       1
       4
       1
       4
       3
       3
       1
       0
       1
       3
       0
       3
       2
       0
       3
       3
       2
       6
       6
       3
       3
       2
       0
       3
       1
       0
       3
       5
       1
       1
       0
       2
       0
       1
       2
       1
       2
       3
       0
       2
       2
       1
       2
       3
       3
       2
       2
       1
       3
       3
       2
       1
       3
       2
       3
       1
       3
       1
       1
       1
       2
       1
       1
       3
       1
       1
       1
       2
       1
       2
       0
       1
       1
       0
       3
       0
       1
       3
       2
       2
       0
       0
       1
       2
       3
       2
       2
       2
       2
       1
       0
       0
       5
       1
       0
       2
       0
       0
       0
       0
       0
       1
       4
       1
       0
       0
       1
       3
       0
       1
       1
       0
       1
       0
       1
       4
       2
       1
       1
       0
       1
       1
       0
       1
       2
       1
       0
       1
       1
       1
       0
       5
       0
       1
       0
       5
       1
       2
       1
       1
       0
       0
       1
       0
       1
       1
       1
       0
       1
       2
       0
       2
       0
       0
       2
       2
       1
       0
       1
       1
       2
       1
       0
       0
       1
       3
       0
       2
       1
       0
       0
       0
       1
       3
       0
       1
       1
       0
       0
       1
       0
       0
       2
       1
       1
       0
       0
       0
       0
       0
       0
       1
       1
       1
       0
       0
       4
       0
       1
       0
       0
       0
       1
       2
       1
       2
       1
       0
       1
       0
       0
       0
       0
       0
       0
       1
       0
       0
       1
       0
       4
       1
       0
       1
       1
       0
       1
       1
       4
       0
       0
       0
       1
       0
       1
       0
       0
       2
       1
       0
       2
       0
       0
       1
       0
       1
       0
       0
       1
       2
       0
       0
       0
       1
       2
       0
       0
       1
       0
       1
       1
       0
       1
       1
       1
       0
       0
       2
       0
       2
       1
       0
       0
       0
       0
       0
       0
       0
       0
       2
       4
       2
       1
       1
       0
       0
       0
       0
       1
       0
       1
       0
       0
       0
       0
       0
       0
       1
       2
       0
       0
       0
       0
       0
       0
       1
       0
       0
       0
       0
       0
       0
       0
       0
       0
       1
       0
       0
       0
       0
       1
       0
       0
       0
       0
       0
       0
       0
       0
       1
       0
       0
       0
       2
       0
       1
       0
       0
       1
       0
       1
       0
       0
       1
       1
       0
       0
       0
       1
       0
       1
       0
       1
       1
       0
       1
       0
       0
       1
       0
       2
       1
       0
       1
       1
       1
       1
       1
       0
       0
       0
       2
       0
       2
       2
       1
       3
       2
       0
       0
       1
       0
       0
       4
       3
       0
       2
       2
       1
       4
       1
       1
       0
       1
       1
       2
       0
       1
       1
       0
       0
       3
       0
       0
       0
       0
       3
       1
       5
       0
       1
       1
       1
       0
       1
       0
       1
       0
       0
       2
       0
       0
       0
       0
       0
       1
       1
       1
       0
       0
       0
       0
       1
       0
       0
       0
       0
       0
       0
       0
       0
       0
       0
       0
       0
       0
       0
       0
       0
       0
       1
       1
       0
       1
       0
       0
       0
       1
       0
       1
       0
       2
       0
       1
       0
       0
       0
       0
       1
       1
       0
       0
       1
       1
       0
       1
       0
       0
       0
       0
       0
       1
       1
       1
       0
       0
       0
       0
       0
       0
       0
       0
       0
       0
       0
       0
       0
       0
       0
       0
       1
       0
       1
       0
       0
       0
       1
       0
       0
       0
       0
       0
       0
       0
       0
       0
       1
       0
       1
       0
       1
       0
       0
       0
       0
       0
       1
       0
       0
       0
       1
       0
       0
       0
       0
       0
       0
       0
       1
       0
       0
       1
       0
       0
       0
       0
       0
       0
       0
       0
       0
       0
       0
       0
       1
       0
       0
       0
       1
       0
       0
       0
       0
       0
       0
       0
       0
       0
       0
       0
       1
       0
       0
       0
       0
       0
       0
       1
       0
       0
       0
       0
       0
       0
       0
       0
       0
       0
       0
       0
       0
       0
       0
       0
       0
       0
       0
       0
       0
       0
       0
       0
       0
       0
       0
       0
       0
       0
       0
       0
       0
       1
       0
       0
       0
       0
       0
       0
       0
       0
       0
       1
       0
       0
       0
       0
       0
       0
       0
       0
       0
       0
       0
       0
       0
       0
       0
       0
       1
       0
       0
       0
       0
       0
       0
       0
       1
       0
       0
       0
       0
       0
       0
       0
       1
       0
       0
       0
       1
       0
       0
       0
       0
       0
       0
       1
       0
       0
       0
       1
       0
       0
       1
       1
       2
       0
       0
       0
       1
       0
       0
       0
       0
       1
       0
       0
       0
       1
       0
       0
       0
       0
       0
       0
       0
       0
       0
       0
       0
       0
       0
       0
       1
       0
       0
       0
       0
       0
       0
       0
       0
       0
       0
       0
       0
       0
       0
       0
       0
       0
       1
       0
       0
       0
       0
       0
       0
       0
       0
       0
       0
       0
       0
       0
       0
       0
       0
       0
       0
       0
       0
       1
       0
       0
       0
       0
       1
       0
       0
       0
       0
       0
       0
       0
       0
       0
       0
       1
       0
       0
       0
       0
       0
       0
       0
       0
       0
       0
       0
       0
       0
       0
       0
       0
       0
       0
       0
       0
       0
$ROI:
0
$PRESETS:
None
0
0
$ENER_FIT:
0.000000 2.205567
$MCA_CAL:
3
0.000000E+000 2.205567E+000 0.000000E+000 keV
$SHAPE_CAL:
3
0.000000E+000 0.000000E+000 0.000000E+000
