$SPEC_ID:
No sample description was entered.
$SPEC_REM:
DET# 2
DETDESC# SPACESCIENCE8 digiBASE-RH SN 15121449
AP# Maestro Version 7.01
$DATE_MEA:
11/03/2025 14:51:38
$MEAS_TIM:
32 33
$DATA:
0 1023
       0
       0
       0
       0
       0
       0
       0
       0
       0
       0
      47
     444
     627
     754
    1004
    1294
    1792
    2267
    2842
    3278
    3722
    3921
    4179
    3932
    3805
    3353
    2788
    2357
    1788
    1401
     972
     700
     474
     324
     204
     131
      85
      73
      50
      46
      39
      43
      42
      38
      30
      22
      25
      26
      22
      32
      25
      34
      28
      22
      14
      19
      26
      13
      30
      19
      12
      16
      12
      18
      20
      12
      13
       9
      17
      18
      12
      19
      18
      13
      15
      17
      17
      10
      11
      11
      14
      14
      18
      18
      12
      15
      14
      15
       9
      17
      15
      11
      10
      16
       6
      16
      11
      10
      13
      10
       4
      17
       5
      10
       9
      18
      12
       9
      10
      12
       9
      10
      10
      14
      10
       5
      10
       7
       6
       3
      10
       7
       8
       6
       4
       6
      10
       9
      13
      11
       6
       8
       7
       8
       8
       8
       6
       8
       5
       5
       3
       6
       6
       5
       9
       4
       3
       2
       7
       5
       7
       6
       8
      10
       2
       9
       7
       7
       5
       9
       5
       5
       1
       4
       4
       2
       6
       5
       5
       4
       3
       4
       4
       7
       3
       3
       3
       3
       3
       4
       3
       2
       3
       3
       3
       3
       4
       6
       5
       0
       2
       1
       4
       4
       2
       3
       5
       1
       0
       4
       2
       4
       5
       3
       1
       0
       2
       3
       4
       5
       4
       6
       2
       6
       3
       2
       1
       4
       0
       2
       3
       1
       4
       2
       3
       3
       5
       2
       3
       2
       3
       2
       2
       4
       5
       1
       6
       3
       4
       2
       7
       3
       2
       1
       1
       4
       4
       1
       3
       2
       2
       3
       1
       3
       2
       2
       7
       2
       4
       3
       2
       6
       1
       2
       2
       8
       2
       5
       6
       1
       1
       6
       1
       3
       2
       4
       3
       5
       5
       3
       1
       5
       1
       4
       3
       2
       1
       2
       2
       4
       4
       3
       2
       3
       1
       3
       1
       3
       3
       3
       3
       2
       2
       2
       2
       3
       3
       1
       3
       1
       1
       1
       3
       3
       1
       1
       1
       0
       0
       1
       1
       0
       3
       2
       2
       3
       2
       1
       0
       3
       2
       0
       2
       1
       1
       0
       1
       1
       2
       1
       0
       0
       0
       0
       2
       0
       1
       0
       0
       1
       0
       1
       0
       0
       3
       2
       2
       2
       2
       0
       1
       2
       0
       0
       1
       1
       1
       3
       0
       1
       1
       1
       1
       1
       0
       1
       1
       0
       1
       2
       0
       1
       1
       1
       0
       0
       2
       0
       1
       1
       1
       2
       1
       1
       0
       0
       1
       2
       2
       2
       0
       0
       1
       0
       0
       3
       0
       1
       0
       2
       0
       1
       2
       0
       1
       0
       1
       2
       0
       0
       1
       3
       1
       2
       0
       0
       1
       1
       1
       0
       0
       0
       0
       1
       1
       0
       0
       0
       0
       1
       1
       0
       0
       0
       0
       1
       1
       1
       0
       0
       0
       1
       0
       2
       0
       0
       2
       0
       0
       0
       2
       1
       0
       2
       1
       0
       2
       0
       1
       3
       1
       2
       0
       0
       1
       1
       2
       2
       4
       0
       1
       0
       1
       1
       2
       0
       0
       2
       0
       1
       0
       0
       0
       2
       0
       0
       0
       0
       1
       0
       1
       1
       0
       1
       0
       3
       0
       1
       1
       1
       0
       0
       0
       1
       1
       1
       2
       1
       1
       0
       1
       1
       1
       0
       0
       1
       1
       0
       0
       0
       2
       0
       0
       0
       0
       0
       0
       0
       0
       1
       0
       0
       0
       0
       0
       0
       1
       0
       0
       0
       0
       0
       1
       1
       0
       0
       1
       0
       0
       2
       1
       0
       0
       0
       0
       0
       0
       1
       0
       0
       0
       0
       0
       2
       0
       0
       1
       3
       2
       1
       0
       0
       0
       2
       0
       0
       1
       1
       0
       0
       0
       0
       1
       0
       1
       1
       0
       1
       1
       1
       0
       0
       3
       0
       0
       3
       0
       0
       2
       0
       0
       0
       0
       0
       2
       1
       0
       0
       1
       0
       0
       3
       1
       2
       1
       2
       0
       3
       0
       1
       2
       0
       0
       1
       1
       2
       0
       2
       0
       0
       1
       1
       0
       1
       4
       0
       2
       3
       1
       3
       0
       0
       0
       3
       2
       2
       3
       0
       1
       1
       0
       0
       1
       2
       0
       1
       0
       1
       1
       0
       0
       0
       0
       0
       0
       0
       0
       0
       1
       0
       0
       0
       0
       1
       1
       0
       0
       0
       2
       0
       0
       1
       0
       0
       0
       0
       0
       0
       0
       1
       0
       0
       0
       0
       0
       0
       1
       0
       0
       0
       0
       0
       0
       0
       0
       1
       0
       0
       0
       1
       0
       0
       1
       0
       0
       0
       0
       2
       0
       0
       2
       0
       0
       0
       0
       2
       0
       0
       0
       0
       0
       0
       0
       0
       0
       0
       0
       0
       0
       0
       2
       0
       0
       0
       0
       0
       1
       0
       0
       0
       1
       0
       0
       0
       0
       0
       0
       1
       1
       1
       0
       0
       0
       0
       0
       0
       0
       0
       0
       2
       0
       0
       1
       0
       0
       0
       0
       0
       0
       0
       0
       0
       0
       0
       0
       0
       0
       0
       0
       0
       0
       0
       0
       0
       0
       0
       0
       0
       0
       0
       1
       0
       0
       0
       0
       0
       0
       0
       0
       0
       0
       0
       0
       0
       0
       0
       0
       0
       1
       1
       0
       1
       0
       0
       0
       0
       0
       0
       0
       0
       1
       0
       0
       0
       0
       0
       0
       1
       0
       0
       1
       0
       0
       0
       0
       0
       0
       0
       0
       0
       0
       0
       0
       0
       0
       0
       0
       0
       0
       0
       0
       0
       0
       0
       0
       0
       0
       0
       0
       0
       0
       0
       0
       0
       0
       0
       0
       1
       1
       0
       0
       0
       0
       0
       0
       0
       0
       0
       1
       0
       0
       0
       0
       0
       0
       0
       0
       0
       1
       0
       0
       0
       0
       0
       0
       0
       0
       0
       0
       0
       0
       0
       0
       0
       0
       1
       0
       1
       0
       0
       0
       0
       0
       0
       0
       0
       0
       0
       0
       0
       0
       0
       0
       0
       0
       0
       0
       0
       0
       0
       0
       0
       0
       0
       0
       0
       0
       1
       0
       0
       0
       0
       0
       0
       0
       0
       0
       0
       0
       0
       1
       0
       0
       0
       0
       0
       0
       0
       0
       0
       0
       0
       0
       0
       0
       0
       0
       0
       0
       0
       0
       0
       0
       0
       0
       0
       0
       0
       0
       0
       0
       0
       1
       0
       0
       0
       0
       0
       0
       0
       0
       0
       0
       0
       0
       0
       0
       0
       0
       0
       0
       1
       0
       0
$ROI:
0
$PRESETS:
None
0
0
$ENER_FIT:
0.000000 2.205567
$MCA_CAL:
3
0.000000E+000 2.205567E+000 0.000000E+000 keV
$SHAPE_CAL:
3
0.000000E+000 0.000000E+000 0.000000E+000
