$SPEC_ID:
No sample description was entered.
$SPEC_REM:
DET# 2
DETDESC# SPACESCIENCE8 digiBASE-RH SN 15121449
AP# Maestro Version 7.01
$DATE_MEA:
11/03/2025 14:49:19
$MEAS_TIM:
33 33
$DATA:
0 1023
       0
       0
       0
       0
       0
       0
       0
       0
       0
       0
      53
     492
     587
     799
     994
    1356
    1802
    2222
    2879
    3359
    3742
    4158
    4121
    3982
    3735
    3226
    2758
    2319
    1788
    1332
     968
     706
     452
     314
     211
     140
     104
      77
      54
      48
      42
      49
      34
      29
      29
      26
      32
      26
      26
      30
      22
      26
      27
      25
      25
      22
      22
      20
      22
      24
      19
      21
      25
      15
      17
      17
      19
      20
      32
      21
      16
      15
      10
      17
      11
      16
      12
      12
      25
      12
       9
      12
      14
      16
      20
      13
      12
      13
      10
      10
       8
       6
       9
      16
      10
       9
      10
      13
       6
       7
      14
       7
       7
      10
       8
       7
       9
      10
      11
       7
      14
      10
      13
       8
      12
       9
       5
       7
       6
       7
      10
       9
       7
      10
       6
       8
      11
       7
      10
      10
       5
       5
       9
       4
       5
       8
       7
       9
       9
       5
       6
       6
      10
       6
       4
       6
       9
       5
       1
       7
       6
       6
       4
       4
       3
       4
       0
       9
       3
       4
       5
       4
       3
       2
       4
       2
       1
       4
       1
       3
       3
       3
       1
       3
       4
       4
       4
       2
       3
       2
       5
       3
       2
       5
       3
       3
       3
       1
       6
       3
       2
       0
       5
       2
       2
       4
       5
       2
       2
       6
       1
       4
       2
       3
       1
       7
       3
       3
       2
       2
       4
       3
       3
       3
       5
       3
       4
       4
       1
       6
       2
       2
       2
       1
       1
       2
       1
       3
       7
       2
       2
       5
       2
       4
       6
       0
       5
       4
       2
       2
       2
       3
       2
       2
       2
       5
       5
       2
       1
       0
       0
       4
       6
       2
       1
       5
       1
       1
       5
       4
       3
       4
       1
       2
       3
       2
       2
       4
       2
       1
       1
       5
       2
       2
       2
       5
       4
       3
       4
       3
       0
       4
       2
       2
       2
       4
       2
       0
       1
       1
       1
       0
       1
       0
       2
       1
       5
       2
       1
       2
       0
       0
       1
       2
       0
       1
       2
       3
       3
       1
       1
       1
       0
       1
       2
       2
       2
       2
       1
       1
       2
       0
       0
       0
       2
       2
       0
       0
       3
       4
       0
       1
       2
       0
       1
       2
       2
       0
       0
       2
       1
       0
       1
       1
       4
       0
       1
       0
       2
       0
       1
       2
       1
       0
       2
       1
       2
       0
       1
       0
       0
       1
       0
       2
       0
       0
       1
       1
       0
       1
       1
       0
       1
       1
       0
       1
       1
       2
       0
       1
       4
       3
       0
       0
       0
       1
       3
       1
       1
       1
       0
       3
       3
       0
       0
       0
       1
       2
       1
       1
       0
       2
       0
       2
       1
       1
       0
       3
       1
       1
       1
       1
       4
       2
       1
       1
       1
       3
       0
       0
       2
       1
       0
       3
       1
       0
       0
       3
       1
       1
       0
       1
       1
       1
       1
       0
       0
       1
       1
       0
       1
       1
       1
       0
       0
       1
       1
       2
       0
       0
       1
       2
       0
       0
       0
       0
       1
       1
       1
       0
       0
       0
       1
       1
       0
       1
       0
       2
       2
       0
       0
       0
       1
       0
       2
       0
       1
       2
       0
       0
       1
       0
       0
       1
       0
       1
       0
       0
       1
       1
       0
       1
       0
       0
       0
       1
       1
       0
       1
       0
       1
       0
       0
       0
       1
       1
       1
       0
       0
       0
       1
       0
       2
       0
       0
       1
       1
       0
       2
       0
       0
       0
       2
       0
       1
       0
       0
       1
       0
       0
       1
       0
       0
       0
       0
       0
       1
       1
       0
       0
       0
       1
       1
       2
       0
       0
       0
       0
       1
       0
       0
       1
       0
       3
       0
       1
       1
       1
       0
       0
       0
       1
       0
       0
       0
       0
       0
       0
       0
       0
       0
       1
       1
       0
       0
       0
       0
       0
       0
       0
       0
       0
       0
       0
       0
       1
       0
       0
       0
       0
       0
       0
       0
       1
       1
       0
       0
       0
       1
       0
       0
       0
       1
       0
       1
       4
       0
       1
       0
       0
       1
       1
       1
       2
       1
       0
       0
       2
       0
       2
       2
       1
       3
       1
       2
       2
       0
       0
       2
       1
       0
       1
       0
       3
       1
       1
       1
       3
       0
       3
       0
       4
       1
       0
       1
       2
       0
       1
       0
       1
       0
       2
       3
       0
       0
       0
       0
       1
       0
       0
       2
       0
       1
       0
       1
       0
       1
       0
       0
       0
       0
       0
       1
       0
       0
       1
       0
       0
       1
       1
       0
       0
       0
       1
       0
       0
       0
       0
       1
       0
       0
       0
       0
       0
       0
       0
       0
       0
       0
       0
       1
       0
       0
       0
       1
       0
       1
       0
       0
       0
       0
       0
       0
       0
       0
       0
       0
       0
       0
       0
       0
       0
       0
       0
       0
       0
       0
       0
       0
       0
       1
       0
       0
       0
       0
       0
       0
       0
       0
       0
       0
       0
       0
       0
       0
       0
       0
       0
       1
       1
       0
       0
       0
       0
       1
       1
       0
       0
       0
       0
       1
       1
       1
       0
       1
       0
       0
       0
       0
       0
       0
       0
       0
       1
       0
       1
       1
       0
       0
       0
       0
       0
       1
       1
       1
       0
       0
       0
       0
       0
       0
       0
       0
       0
       0
       2
       1
       1
       0
       1
       0
       0
       0
       0
       1
       0
       0
       0
       0
       0
       0
       0
       0
       0
       0
       0
       0
       0
       0
       0
       0
       0
       2
       0
       0
       0
       0
       0
       0
       0
       1
       0
       0
       0
       0
       0
       0
       0
       0
       0
       0
       0
       0
       0
       0
       0
       1
       0
       0
       0
       0
       0
       0
       0
       0
       0
       0
       0
       0
       0
       0
       0
       0
       0
       0
       0
       0
       0
       0
       0
       0
       0
       0
       0
       0
       0
       0
       0
       1
       0
       1
       0
       0
       0
       0
       0
       0
       0
       0
       0
       0
       0
       0
       0
       0
       0
       1
       0
       0
       0
       0
       0
       1
       0
       0
       0
       0
       0
       0
       0
       0
       0
       0
       0
       0
       0
       0
       0
       0
       1
       0
       0
       0
       0
       0
       0
       0
       0
       0
       0
       0
       0
       0
       0
       0
       0
       0
       0
       0
       0
       0
       0
       0
       0
       0
       0
       0
       0
       0
       0
       0
       0
       0
       0
       0
       0
       0
       0
       0
       0
       0
       0
       0
       0
       0
       0
       0
       0
       0
       0
       0
       0
       0
       1
       0
       0
       0
       0
       2
       0
       0
       1
       0
       0
       0
       0
       0
       1
       0
       0
       0
       0
       0
       0
       0
       0
       0
       0
       0
       0
       0
       0
       0
       0
       0
       0
       0
       0
       0
       0
       0
       0
       0
       0
       0
       0
       0
       0
       0
       0
       0
       0
       0
       0
$ROI:
0
$PRESETS:
None
0
0
$ENER_FIT:
0.000000 2.205567
$MCA_CAL:
3
0.000000E+000 2.205567E+000 0.000000E+000 keV
$SHAPE_CAL:
3
0.000000E+000 0.000000E+000 0.000000E+000
