$SPEC_ID:
No sample description was entered.
$SPEC_REM:
DET# 2
DETDESC# SPACESCIENCE8 digiBASE-RH SN 15121449
AP# Maestro Version 7.01
$DATE_MEA:
11/03/2025 14:31:52
$MEAS_TIM:
33 34
$DATA:
0 1023
       0
       0
       0
       0
       0
       0
       0
       0
       0
       0
      48
     469
     576
     709
     851
    1187
    1502
    1913
    2457
    2978
    3296
    3707
    3874
    3807
    3727
    3382
    2973
    2696
    2054
    1567
    1150
     848
     548
     401
     289
     192
     127
      87
      60
      44
      43
      48
      30
      38
      29
      33
      24
      33
      32
      29
      21
      19
      23
      18
      24
      19
      32
      24
      16
      18
      24
      18
      18
      15
      20
      21
      16
      18
      13
      17
      15
      17
      23
      19
      14
      17
      14
      14
      12
      15
      10
      12
      12
      14
      17
      12
      14
       6
      13
      12
      10
      13
       6
      12
       8
       8
      15
      12
      16
      12
      10
       7
      13
      13
       9
       9
       7
       6
       7
       8
      13
       5
       8
       7
       5
      10
       6
      10
       6
       9
       2
       1
       9
       5
       5
       6
      14
       3
      11
       6
       8
       5
       4
      10
       6
       7
       8
       5
       1
       7
       8
       3
       8
       5
       4
       6
       7
       7
       4
       2
       8
       2
       4
       6
       3
       5
       1
       4
       3
       2
       2
       2
       5
       3
       5
       7
       8
       2
       3
       3
       2
       4
       5
       5
       2
       3
       4
       3
       2
       4
       0
       3
       4
       3
       2
       3
       4
       5
       1
       2
       7
       1
       3
       1
       4
       0
       2
       6
       2
       3
       1
       0
       2
       6
       1
       5
       6
       6
       2
       1
       4
       3
       2
       5
       0
       5
       1
       1
       1
       6
       0
       2
       1
       3
       5
       1
       1
       2
       2
       1
       1
       2
       1
       2
       3
       4
       3
       2
       2
       3
       4
       1
       2
       5
       3
       0
       3
       2
       1
       6
       2
       5
       2
       5
       3
       3
       3
       3
       1
       5
       3
       3
       6
       6
       1
       3
       3
       3
       6
       3
       4
       6
       2
       4
       1
       3
       3
       2
       2
       6
       3
       5
       2
       5
       6
       4
       2
       2
       3
       5
       8
       2
       2
       0
       3
       5
       1
       3
       1
       2
       5
       1
       2
       1
       1
       0
       2
       3
       3
       1
       0
       0
       1
       1
       2
       2
       1
       1
       2
       2
       3
       2
       2
       1
       1
       0
       1
       0
       3
       0
       2
       2
       0
       0
       1
       1
       3
       2
       1
       1
       2
       1
       2
       0
       0
       1
       0
       1
       0
       0
       0
       2
       0
       2
       2
       3
       1
       1
       1
       0
       0
       0
       0
       0
       1
       0
       3
       0
       0
       0
       1
       2
       3
       2
       0
       1
       1
       1
       2
       0
       1
       0
       0
       4
       0
       2
       2
       3
       0
       0
       0
       0
       0
       1
       1
       1
       0
       1
       1
       1
       0
       1
       2
       0
       0
       1
       0
       1
       0
       0
       0
       0
       1
       2
       2
       1
       1
       0
       1
       1
       2
       1
       0
       1
       0
       0
       0
       0
       1
       3
       1
       2
       1
       2
       0
       2
       1
       1
       0
       0
       1
       1
       2
       1
       0
       0
       1
       0
       2
       0
       2
       2
       1
       0
       0
       0
       0
       1
       1
       1
       1
       1
       0
       1
       0
       1
       0
       0
       1
       0
       0
       0
       3
       3
       0
       0
       0
       0
       1
       0
       0
       0
       1
       0
       0
       2
       0
       0
       0
       0
       0
       0
       1
       1
       0
       2
       0
       3
       0
       0
       1
       0
       0
       0
       2
       1
       0
       0
       0
       2
       0
       0
       0
       1
       0
       1
       0
       0
       0
       0
       1
       0
       1
       0
       1
       0
       0
       0
       0
       1
       2
       0
       1
       0
       2
       1
       0
       0
       0
       0
       1
       0
       0
       0
       0
       1
       0
       1
       0
       0
       0
       2
       0
       0
       0
       0
       1
       0
       1
       1
       1
       1
       0
       1
       0
       0
       0
       0
       0
       3
       0
       0
       1
       0
       0
       0
       0
       0
       0
       1
       0
       1
       1
       0
       1
       0
       0
       0
       1
       0
       1
       0
       0
       1
       0
       0
       0
       1
       0
       1
       0
       1
       0
       0
       1
       0
       1
       1
       0
       0
       2
       0
       1
       0
       2
       1
       0
       2
       0
       2
       0
       1
       0
       3
       0
       1
       1
       1
       0
       2
       0
       0
       3
       1
       5
       3
       1
       0
       0
       1
       2
       1
       0
       0
       1
       2
       2
       1
       3
       0
       2
       0
       2
       1
       1
       0
       3
       0
       0
       0
       1
       5
       1
       1
       0
       1
       0
       1
       1
       2
       0
       0
       2
       2
       1
       0
       0
       0
       1
       0
       1
       1
       0
       0
       0
       0
       0
       1
       0
       1
       1
       0
       0
       0
       0
       0
       0
       0
       1
       0
       0
       1
       1
       0
       0
       0
       0
       0
       1
       0
       0
       0
       1
       0
       0
       1
       0
       0
       0
       0
       0
       2
       0
       0
       0
       0
       0
       0
       0
       0
       1
       0
       0
       0
       1
       0
       0
       0
       0
       1
       0
       0
       0
       0
       0
       0
       0
       0
       1
       0
       0
       1
       0
       0
       0
       0
       0
       0
       0
       0
       0
       0
       2
       0
       0
       0
       1
       1
       0
       0
       0
       0
       0
       0
       0
       0
       0
       1
       0
       0
       1
       2
       0
       0
       0
       0
       0
       1
       0
       0
       0
       1
       1
       1
       1
       0
       0
       0
       0
       1
       0
       0
       0
       0
       0
       0
       0
       0
       0
       0
       0
       0
       0
       0
       0
       0
       0
       0
       0
       0
       0
       0
       0
       0
       0
       0
       0
       0
       1
       0
       0
       0
       0
       0
       0
       0
       0
       0
       0
       0
       0
       0
       0
       0
       0
       1
       0
       0
       0
       0
       0
       0
       0
       0
       0
       0
       0
       0
       0
       0
       0
       0
       1
       0
       0
       0
       0
       0
       0
       0
       0
       0
       0
       0
       0
       0
       0
       0
       0
       0
       0
       0
       1
       0
       0
       0
       0
       1
       0
       0
       0
       0
       0
       0
       0
       0
       0
       0
       0
       0
       0
       0
       0
       0
       0
       0
       0
       0
       0
       0
       0
       1
       0
       0
       0
       0
       0
       0
       0
       0
       0
       0
       0
       0
       0
       0
       0
       0
       0
       0
       0
       0
       0
       0
       0
       0
       0
       0
       0
       0
       0
       0
       0
       0
       0
       0
       0
       0
       0
       1
       0
       0
       0
       1
       0
       0
       0
       0
       0
       0
       0
       1
       1
       0
       0
       0
       0
       1
       0
       0
       0
       1
       0
       0
       0
       0
       0
       0
       0
       0
       0
       0
       0
       0
       0
       0
       0
       0
       0
       0
       0
       0
       0
       0
       0
       0
       0
       0
       0
       0
       0
       0
       0
       0
       0
       0
       0
       0
       0
       0
       0
       0
       0
       0
       0
       0
       0
       0
       0
       0
       0
       0
       0
       0
$ROI:
0
$PRESETS:
None
0
0
$ENER_FIT:
0.000000 2.205567
$MCA_CAL:
3
0.000000E+000 2.205567E+000 0.000000E+000 keV
$SHAPE_CAL:
3
0.000000E+000 0.000000E+000 0.000000E+000
