$SPEC_ID:
No sample description was entered.
$SPEC_REM:
DET# 2
DETDESC# SPACESCIENCE8 digiBASE-RH SN 15121449
AP# Maestro Version 7.01
$DATE_MEA:
11/03/2025 14:33:12
$MEAS_TIM:
35 35
$DATA:
0 1023
       0
       0
       0
       0
       0
       0
       0
       0
       0
       0
      52
     490
     645
     766
     957
    1238
    1637
    2145
    2851
    3297
    3936
    4150
    4465
    4515
    4373
    3932
    3430
    3003
    2374
    1817
    1302
     939
     680
     432
     291
     187
     137
     103
      77
      62
      55
      40
      42
      37
      27
      26
      39
      30
      27
      25
      26
      23
      32
      32
      22
      16
      23
      23
      17
      20
      17
      21
      23
      20
      16
      19
      17
      20
      12
      21
      16
      12
      20
      18
      15
      14
      21
      17
      15
      18
      14
      17
      16
      12
       7
      19
      10
      22
      13
      10
      14
      17
      11
      11
      17
      10
       6
      14
      13
      15
      11
      12
      14
      16
       7
       7
      13
       6
       9
       7
       7
       8
       8
       6
      10
       7
       8
      11
       4
      12
       7
       7
       9
      10
      11
       7
       7
       5
       6
      10
       4
       7
       8
       8
       7
       8
       9
       1
       7
       7
       8
       7
       7
       9
       3
       3
      11
       7
       6
       4
       2
       9
       5
       5
       4
       3
       5
       6
       4
       5
       2
       9
       2
       3
       4
       3
       4
       2
       5
       5
       3
       2
       3
       1
       3
       3
       6
       2
       3
       3
       3
       5
       3
       4
       6
       7
       8
      10
       2
       1
       3
       2
       2
       4
       8
       6
       4
       2
       2
       5
       2
       4
       3
       1
       2
       1
       2
       4
       7
       1
       1
       0
       2
       2
       1
       1
       4
       2
       2
       5
       4
       1
       4
       2
       2
       0
       4
       6
       1
       3
       2
       1
       1
       0
       2
       1
       0
       1
       2
       5
       1
       7
       1
       4
       4
       5
       0
       4
       2
       2
       2
       4
       0
       2
       4
       3
       1
       1
       5
       1
       2
       1
       3
       2
       8
       3
       4
       2
       5
       2
       7
       6
       4
       0
       3
       3
       1
       3
       2
       5
       5
       3
       3
       5
       6
       5
       5
       4
       1
       3
       4
       3
       1
       2
       2
       2
       2
       5
       2
       3
       3
       1
       0
       5
       5
       2
       5
       2
       4
       1
       0
       4
       1
       1
       0
       3
       1
       3
       2
       2
       1
       2
       1
       0
       0
       0
       1
       1
       1
       1
       1
       0
       0
       3
       1
       1
       0
       1
       2
       0
       1
       1
       2
       2
       2
       1
       1
       1
       0
       1
       5
       1
       1
       3
       0
       1
       0
       1
       2
       0
       0
       0
       1
       5
       0
       1
       2
       0
       1
       1
       2
       0
       3
       1
       1
       1
       0
       0
       1
       0
       2
       0
       1
       1
       1
       1
       0
       0
       0
       0
       2
       1
       0
       1
       0
       0
       0
       0
       3
       1
       1
       0
       3
       1
       1
       0
       0
       0
       2
       3
       0
       2
       1
       0
       3
       0
       0
       1
       0
       0
       1
       1
       1
       1
       0
       0
       0
       2
       2
       4
       1
       2
       0
       3
       1
       1
       0
       0
       0
       1
       1
       0
       3
       1
       2
       1
       1
       1
       1
       1
       0
       0
       3
       1
       1
       1
       1
       2
       0
       0
       0
       0
       1
       2
       0
       1
       0
       1
       3
       1
       0
       0
       0
       2
       2
       0
       0
       0
       1
       1
       0
       2
       1
       1
       1
       0
       0
       1
       0
       0
       1
       1
       2
       0
       1
       0
       0
       3
       0
       3
       1
       0
       0
       1
       0
       0
       0
       2
       1
       0
       0
       0
       0
       0
       1
       0
       1
       0
       0
       0
       0
       0
       0
       0
       1
       0
       0
       2
       0
       1
       1
       0
       0
       0
       1
       0
       0
       0
       1
       1
       0
       0
       0
       0
       0
       1
       0
       1
       0
       0
       1
       0
       0
       1
       2
       0
       0
       0
       0
       1
       0
       0
       0
       0
       1
       0
       1
       0
       0
       0
       1
       2
       0
       0
       0
       0
       0
       1
       1
       0
       1
       0
       2
       0
       0
       0
       0
       0
       2
       0
       1
       0
       2
       0
       0
       1
       0
       0
       0
       1
       1
       0
       0
       3
       0
       1
       1
       0
       1
       1
       2
       2
       1
       0
       0
       0
       3
       1
       0
       1
       0
       1
       0
       2
       2
       1
       3
       0
       1
       3
       0
       1
       0
       2
       1
       0
       0
       1
       2
       3
       0
       0
       0
       1
       0
       1
       1
       1
       0
       2
       1
       0
       1
       2
       1
       0
       2
       1
       3
       4
       1
       0
       0
       1
       0
       0
       0
       2
       1
       1
       0
       0
       1
       1
       1
       0
       0
       0
       0
       0
       0
       1
       1
       0
       0
       1
       0
       0
       0
       0
       0
       1
       0
       1
       1
       0
       0
       0
       0
       0
       0
       0
       0
       0
       0
       0
       0
       0
       2
       1
       0
       0
       0
       0
       2
       0
       0
       0
       0
       2
       2
       0
       0
       0
       0
       0
       0
       0
       0
       0
       0
       0
       0
       1
       0
       0
       0
       0
       0
       0
       1
       0
       0
       0
       0
       0
       0
       0
       1
       0
       0
       0
       0
       0
       0
       0
       0
       0
       0
       0
       0
       0
       0
       0
       0
       0
       1
       1
       0
       0
       0
       0
       0
       0
       0
       0
       0
       0
       0
       0
       0
       0
       0
       0
       0
       1
       0
       0
       0
       1
       0
       0
       0
       0
       2
       0
       0
       1
       0
       0
       0
       0
       0
       0
       0
       0
       0
       0
       0
       0
       0
       0
       0
       0
       1
       1
       0
       0
       0
       0
       1
       0
       0
       0
       0
       0
       0
       0
       0
       0
       1
       0
       0
       0
       0
       0
       1
       0
       0
       0
       0
       0
       0
       0
       0
       0
       0
       0
       0
       0
       0
       0
       0
       1
       0
       0
       0
       0
       0
       0
       0
       0
       0
       0
       0
       0
       0
       0
       0
       0
       0
       0
       0
       0
       0
       0
       0
       0
       0
       0
       0
       0
       0
       0
       0
       0
       0
       0
       0
       0
       0
       0
       0
       0
       0
       0
       0
       0
       0
       0
       0
       0
       0
       0
       0
       0
       0
       0
       0
       1
       0
       1
       0
       0
       0
       1
       0
       1
       0
       0
       0
       0
       0
       0
       0
       0
       0
       0
       0
       0
       1
       0
       0
       0
       0
       0
       0
       1
       0
       1
       0
       0
       1
       0
       0
       0
       0
       0
       0
       0
       0
       0
       0
       0
       0
       0
       0
       0
       0
       1
       0
       0
       0
       0
       1
       0
       0
       0
       0
       0
       1
       0
       0
       0
       0
       0
       0
       0
       0
       0
       1
       0
       0
       0
       0
       1
       0
       0
       1
       0
       0
       0
       0
       0
       0
       1
       0
       0
       0
       0
       0
       0
       0
       0
       0
       0
       0
       0
       0
       0
       1
       0
       0
       0
       0
       0
       0
       0
       0
       0
       0
       0
       0
       0
$ROI:
0
$PRESETS:
None
0
0
$ENER_FIT:
0.000000 2.205567
$MCA_CAL:
3
0.000000E+000 2.205567E+000 0.000000E+000 keV
$SHAPE_CAL:
3
0.000000E+000 0.000000E+000 0.000000E+000
