$SPEC_ID:
No sample description was entered.
$SPEC_REM:
DET# 2
DETDESC# SPACESCIENCE8 digiBASE-RH SN 15121449
AP# Maestro Version 7.01
$DATE_MEA:
11/03/2025 14:34:23
$MEAS_TIM:
33 33
$DATA:
0 1023
       0
       0
       0
       0
       0
       0
       0
       0
       0
       0
      48
     489
     629
     772
     956
    1327
    1725
    2179
    2921
    3506
    4118
    4500
    4668
    4756
    4710
    4104
    3592
    3008
    2448
    1864
    1430
     969
     704
     459
     319
     203
     132
     102
      70
      57
      49
      40
      33
      41
      46
      43
      24
      23
      29
      34
      24
      21
      23
      22
      27
      16
      21
      21
      24
      29
      25
      25
      16
      26
      21
      16
      15
      16
      23
      22
      21
      22
      22
      14
      10
      13
      13
      21
      12
      23
      22
      10
      13
      16
      19
      14
      15
      19
      19
      10
      13
      10
      16
      13
      13
       6
      15
       6
      15
       4
      11
      10
       3
       8
      12
      11
       7
      13
      13
       7
       8
      10
       8
       6
      13
      13
       9
      11
      13
       5
       6
       9
       9
       5
       4
       5
       5
       8
      12
       8
       9
       8
       6
      15
       9
       9
       5
       8
       5
       4
      10
       7
       5
       7
       3
       3
       6
       7
      11
      11
      10
       5
       6
       6
       6
       6
       3
       3
      11
       4
       7
       4
       6
       2
       5
       3
       2
       5
       2
       1
       6
       6
       3
       3
       4
       4
       2
       1
       4
       5
       3
       1
       2
       6
       4
       1
       1
       5
       6
       2
       3
       3
       1
       2
       1
       2
       4
       4
       3
       4
       5
       3
       4
       4
       3
       3
       5
       1
       4
       2
       2
       3
       0
       1
       5
       6
       0
       3
       2
       0
       5
       3
       2
       1
       1
       2
       3
       2
       1
       4
       4
       2
       2
       2
       3
       3
       2
       2
       1
       2
       3
       2
       2
       6
       1
       1
       0
       2
       3
       2
       2
       0
       2
       4
       2
       5
       5
       5
       2
       2
       5
       3
       1
       4
       6
       6
       5
       1
       1
       3
       9
       4
       2
       1
       5
       3
       2
       2
       3
       1
       3
       4
       4
       6
       4
       2
       6
       4
      10
       5
       4
       3
       1
       0
       1
       2
       2
       1
       2
       0
       0
       6
       2
       4
       1
       1
       2
       0
       3
       4
       3
       1
       1
       1
       2
       0
       2
       0
       0
       2
       1
       3
       1
       1
       2
       1
       0
       1
       3
       1
       0
       2
       2
       3
       0
       1
       2
       1
       1
       1
       1
       1
       0
       2
       1
       1
       0
       0
       0
       0
       1
       1
       2
       0
       1
       1
       0
       0
       0
       2
       1
       0
       1
       2
       0
       2
       1
       2
       0
       1
       2
       3
       1
       0
       2
       2
       1
       1
       0
       1
       2
       2
       1
       1
       1
       3
       2
       0
       1
       1
       2
       0
       2
       1
       2
       1
       0
       0
       1
       1
       2
       1
       1
       0
       0
       0
       2
       0
       0
       2
       2
       2
       1
       1
       1
       2
       0
       0
       1
       1
       1
       0
       2
       1
       0
       2
       1
       2
       2
       2
       1
       1
       0
       0
       1
       1
       2
       1
       1
       1
       2
       1
       1
       1
       0
       0
       2
       2
       3
       0
       1
       2
       2
       0
       0
       2
       0
       0
       1
       0
       0
       1
       1
       1
       1
       1
       1
       0
       2
       0
       0
       1
       0
       1
       1
       2
       0
       0
       1
       1
       1
       1
       1
       1
       1
       2
       0
       1
       0
       1
       2
       0
       0
       0
       0
       2
       0
       0
       0
       0
       1
       0
       1
       0
       0
       1
       0
       0
       0
       0
       1
       0
       0
       0
       0
       1
       1
       0
       1
       1
       0
       2
       1
       1
       1
       1
       0
       2
       0
       0
       1
       1
       1
       2
       0
       1
       0
       1
       1
       0
       2
       1
       2
       1
       1
       1
       1
       0
       1
       0
       0
       0
       1
       1
       0
       0
       0
       0
       0
       2
       0
       0
       0
       0
       0
       1
       0
       0
       0
       2
       1
       1
       0
       2
       0
       0
       0
       0
       1
       1
       0
       0
       0
       0
       0
       0
       0
       0
       0
       0
       0
       1
       0
       1
       1
       1
       1
       0
       1
       1
       1
       1
       2
       1
       1
       1
       0
       1
       0
       0
       0
       0
       1
       0
       0
       3
       3
       3
       2
       0
       1
       0
       1
       2
       3
       1
       0
       2
       2
       2
       1
       2
       0
       0
       1
       1
       1
       2
       1
       1
       3
       1
       1
       2
       4
       0
       1
       3
       1
       1
       0
       1
       0
       0
       2
       1
       0
       4
       1
       2
       1
       0
       1
       0
       2
       0
       0
       0
       1
       1
       0
       0
       0
       2
       0
       1
       0
       2
       1
       0
       0
       0
       0
       1
       1
       0
       1
       0
       0
       0
       0
       1
       1
       0
       0
       0
       0
       0
       0
       0
       1
       1
       0
       0
       0
       0
       0
       0
       0
       0
       0
       0
       0
       0
       0
       1
       1
       0
       0
       0
       1
       0
       0
       0
       0
       1
       0
       0
       0
       0
       0
       0
       0
       0
       1
       0
       0
       1
       2
       0
       1
       1
       0
       1
       0
       0
       0
       0
       0
       0
       1
       0
       0
       0
       0
       1
       0
       0
       0
       0
       0
       0
       0
       0
       0
       1
       0
       0
       1
       1
       0
       0
       0
       0
       0
       0
       1
       1
       0
       0
       0
       0
       0
       1
       0
       1
       0
       0
       0
       0
       0
       0
       0
       0
       0
       0
       1
       1
       1
       0
       1
       0
       0
       0
       0
       0
       0
       0
       1
       0
       2
       0
       0
       2
       0
       0
       0
       0
       1
       0
       0
       0
       0
       0
       0
       0
       0
       0
       0
       0
       0
       0
       0
       0
       0
       0
       0
       0
       0
       0
       0
       0
       0
       0
       0
       0
       0
       0
       0
       0
       0
       0
       0
       0
       0
       0
       0
       0
       0
       0
       0
       0
       0
       0
       0
       0
       0
       0
       0
       0
       0
       0
       0
       0
       0
       0
       0
       0
       0
       0
       0
       0
       0
       0
       0
       0
       0
       0
       0
       0
       0
       0
       1
       0
       0
       0
       0
       0
       0
       0
       1
       0
       0
       0
       0
       0
       0
       0
       0
       0
       0
       0
       0
       0
       1
       0
       0
       0
       0
       0
       0
       0
       0
       0
       0
       0
       0
       0
       1
       0
       0
       0
       0
       0
       0
       0
       0
       0
       0
       0
       0
       0
       0
       0
       0
       0
       0
       0
       0
       0
       0
       0
       0
       0
       0
       0
       0
       0
       0
       0
       2
       0
       0
       0
       0
       1
       0
       0
       0
       0
       0
       0
       0
       0
       0
       0
       0
       0
       0
       0
       0
       0
       0
       0
       0
       0
       0
       0
       0
       0
       0
       0
       0
       0
       1
       0
       0
       0
       0
       0
       0
       0
       0
       0
       0
       0
       0
       0
       0
       0
       0
       0
       0
       0
       0
       0
       1
       0
       0
       0
       0
       0
       1
       0
$ROI:
0
$PRESETS:
None
0
0
$ENER_FIT:
0.000000 2.205567
$MCA_CAL:
3
0.000000E+000 2.205567E+000 0.000000E+000 keV
$SHAPE_CAL:
3
0.000000E+000 0.000000E+000 0.000000E+000
