$SPEC_ID:
No sample description was entered.
$SPEC_REM:
DET# 2
DETDESC# SPACESCIENCE8 digiBASE-RH SN 15121449
AP# Maestro Version 7.01
$DATE_MEA:
11/03/2025 14:36:04
$MEAS_TIM:
33 34
$DATA:
0 1023
       0
       0
       0
       0
       0
       0
       0
       0
       0
       0
      45
     504
     707
     812
    1090
    1405
    1939
    2553
    3277
    3956
    4513
    4981
    5333
    5172
    5077
    4430
    3884
    3270
    2678
    1978
    1420
    1025
     728
     493
     333
     197
     142
      85
      74
      64
      57
      43
      56
      29
      30
      34
      25
      41
      36
      18
      38
      21
      23
      25
      29
      21
      23
      29
      19
      19
      16
      20
      18
      18
      13
      24
      21
      29
      22
      17
      17
      16
      15
      15
      22
      16
      22
      13
      14
      11
      22
      21
      11
      18
      11
      14
      13
      14
      10
      15
      13
       9
      16
      19
      18
      20
      12
      18
      12
      15
      14
      12
      20
       8
       7
      10
       8
      11
      12
      11
      10
       7
      12
       9
      12
      12
       8
       7
      11
       8
      11
       7
       3
       5
       7
       6
       5
       6
       7
       8
      10
       4
       7
      11
       8
       4
      12
       7
       9
       6
       7
       6
       3
       8
      10
       7
       8
       3
       7
       3
      12
       5
       2
       2
       2
       6
       7
       3
       4
       7
       5
       5
       5
       8
       7
       2
       4
       2
       1
       5
       8
       2
       7
       1
       5
       5
       1
       5
       7
       3
       0
       2
       4
       4
       1
       1
       0
       2
       1
       5
       7
       3
       2
       3
       0
       4
       4
       1
       5
       0
       4
       2
       6
       0
       3
       2
       4
       1
       4
       4
       4
       0
       3
       0
       8
       2
       2
       4
       3
       8
       2
       0
       5
       2
       1
       2
       4
       1
       3
       3
       4
       1
       1
       2
       4
       3
       5
       4
       2
       3
       2
       3
       1
       4
       5
       3
       0
       4
       3
       3
       2
       5
       5
       4
       6
       2
       2
       6
       2
       1
       1
       4
       7
       0
       4
       0
       3
       3
       3
       4
       4
       2
       2
       4
       1
       9
       2
       6
       2
       2
       1
       3
       3
       6
       2
       6
       3
       2
       2
       3
       0
       9
       3
       3
       3
       4
       3
       3
       7
       1
       2
       4
       1
       5
       1
       2
       3
       1
       1
       6
       1
       0
       0
       0
       1
       0
       1
       1
       3
       0
       0
       0
       0
       2
       3
       0
       0
       1
       4
       1
       1
       0
       2
       1
       1
       0
       0
       2
       2
       0
       2
       0
       2
       4
       1
       1
       2
       1
       1
       2
       0
       1
       0
       0
       1
       0
       1
       0
       0
       1
       1
       2
       2
       0
       2
       2
       0
       3
       0
       0
       1
       1
       2
       2
       1
       1
       0
       1
       0
       1
       1
       1
       1
       1
       1
       0
       1
       1
       1
       1
       0
       1
       1
       1
       1
       0
       1
       0
       0
       1
       2
       2
       0
       0
       0
       1
       2
       0
       2
       2
       0
       0
       1
       0
       1
       1
       1
       0
       0
       1
       0
       2
       1
       0
       1
       0
       2
       1
       0
       2
       0
       1
       0
       2
       3
       0
       0
       1
       3
       1
       1
       0
       0
       0
       0
       0
       0
       1
       0
       0
       1
       0
       1
       2
       0
       1
       0
       1
       1
       0
       1
       1
       1
       0
       0
       1
       0
       0
       0
       0
       0
       2
       0
       2
       1
       0
       1
       1
       0
       1
       0
       2
       1
       0
       1
       0
       2
       5
       0
       1
       1
       0
       2
       1
       0
       2
       2
       1
       0
       0
       1
       0
       0
       0
       1
       0
       2
       0
       0
       2
       1
       0
       1
       0
       1
       1
       1
       1
       0
       0
       0
       1
       1
       0
       0
       0
       0
       0
       1
       1
       1
       1
       0
       0
       0
       1
       0
       0
       1
       0
       0
       0
       0
       0
       0
       0
       1
       0
       0
       0
       1
       1
       0
       0
       0
       0
       1
       1
       1
       0
       1
       0
       1
       0
       0
       1
       0
       0
       0
       1
       1
       0
       0
       0
       2
       2
       1
       1
       1
       0
       1
       0
       0
       0
       1
       0
       0
       1
       1
       0
       0
       3
       0
       0
       0
       0
       0
       1
       1
       0
       0
       2
       2
       0
       1
       1
       1
       2
       0
       1
       2
       0
       1
       2
       0
       3
       1
       1
       1
       2
       2
       2
       1
       1
       2
       0
       0
       2
       1
       0
       1
       0
       0
       1
       0
       2
       1
       1
       0
       0
       3
       1
       0
       1
       1
       3
       2
       0
       0
       0
       1
       1
       1
       0
       1
       0
       1
       3
       0
       1
       0
       3
       1
       1
       0
       0
       1
       0
       0
       1
       0
       1
       2
       0
       0
       0
       0
       1
       0
       1
       0
       1
       2
       0
       0
       0
       0
       0
       0
       0
       1
       2
       0
       0
       0
       1
       0
       0
       1
       0
       0
       0
       2
       0
       0
       1
       0
       0
       1
       0
       0
       0
       1
       1
       0
       0
       0
       0
       0
       1
       0
       0
       0
       0
       0
       0
       0
       0
       0
       0
       0
       1
       1
       0
       0
       1
       0
       1
       0
       0
       0
       1
       0
       0
       0
       0
       0
       0
       0
       0
       0
       0
       0
       0
       0
       0
       0
       0
       0
       0
       0
       0
       0
       0
       0
       0
       0
       0
       0
       0
       0
       0
       0
       0
       0
       0
       1
       0
       1
       1
       0
       0
       0
       0
       0
       0
       0
       1
       0
       0
       0
       0
       0
       0
       0
       0
       0
       0
       0
       0
       0
       0
       0
       0
       0
       0
       0
       0
       0
       0
       0
       0
       0
       0
       0
       1
       0
       0
       0
       0
       0
       0
       0
       0
       0
       0
       0
       0
       0
       0
       0
       0
       0
       0
       0
       0
       0
       0
       0
       0
       0
       0
       0
       0
       0
       0
       0
       0
       0
       1
       0
       0
       0
       0
       0
       0
       0
       0
       1
       0
       0
       0
       0
       0
       0
       0
       0
       0
       0
       0
       0
       0
       0
       0
       0
       0
       0
       0
       0
       0
       0
       0
       0
       0
       0
       0
       0
       0
       1
       0
       2
       0
       0
       0
       0
       0
       0
       0
       0
       0
       0
       0
       0
       0
       0
       0
       0
       0
       0
       1
       0
       0
       0
       0
       0
       0
       0
       0
       0
       0
       0
       0
       0
       0
       0
       0
       0
       0
       1
       0
       0
       0
       0
       0
       0
       0
       0
       0
       1
       0
       0
       0
       0
       0
       0
       1
       0
       1
       1
       0
       1
       0
       0
       0
       0
       0
       0
       0
       0
       0
       0
       0
       0
       0
       0
       0
       0
       0
       0
       0
       1
       0
       0
       0
       0
       1
       0
       1
       0
       0
       0
       0
       0
       0
       0
       0
       0
       0
       0
       0
       0
       0
       0
       0
       1
       0
       0
       0
       0
       0
       0
       0
       0
       0
       0
       0
       0
       0
       0
       0
       0
       0
       0
       0
       0
       0
       0
       0
       0
       0
       0
       0
       0
       0
$ROI:
0
$PRESETS:
None
0
0
$ENER_FIT:
0.000000 2.205567
$MCA_CAL:
3
0.000000E+000 2.205567E+000 0.000000E+000 keV
$SHAPE_CAL:
3
0.000000E+000 0.000000E+000 0.000000E+000
