$SPEC_ID:
No sample description was entered.
$SPEC_REM:
DET# 2
DETDESC# SPACESCIENCE8 digiBASE-RH SN 15121449
AP# Maestro Version 7.01
$DATE_MEA:
11/03/2025 14:37:08
$MEAS_TIM:
35 35
$DATA:
0 1023
       0
       0
       0
       0
       0
       0
       0
       0
       0
       0
      59
     570
     773
     910
    1212
    1626
    2266
    2935
    3767
    4496
    4982
    5553
    5834
    5764
    5329
    4961
    4297
    3501
    2865
    2130
    1515
    1143
     777
     529
     333
     201
     166
     127
      90
      55
      50
      32
      30
      44
      44
      44
      32
      31
      27
      29
      23
      30
      25
      23
      37
      24
      27
      31
      16
      19
      27
      14
      21
      25
      13
      20
      19
      26
      19
      21
      20
      13
      20
      15
      20
      16
      18
      15
      11
      13
      18
      14
      12
      15
      15
      18
       9
      14
      17
      17
      12
      13
      12
      11
       7
      13
      19
      21
      14
      12
      14
      15
      12
       7
      14
      14
       9
       8
      10
      12
      11
       8
      12
       4
      10
       3
       7
      10
       7
       8
       6
       9
      10
       8
      12
       8
       8
       4
      12
       7
       8
       5
      11
       6
      10
       6
       7
       5
       5
       9
       5
       9
       6
       5
       7
       7
       7
       5
       2
       7
       7
       5
       7
       4
       6
       1
       6
       6
       5
       4
       7
       8
       4
       2
       2
       9
       1
       2
       4
       5
       4
       5
       6
       6
       3
       5
       7
       7
       2
       2
       3
       5
       4
       8
       5
       4
       2
       2
       3
       7
       5
       5
       1
       0
       2
       2
       3
       3
       4
       3
       4
       0
       6
       2
       4
       7
       4
       3
       3
       4
       0
       2
       4
       3
       3
       4
       1
       5
       1
       1
       2
       2
       1
       2
       1
       0
       1
       5
       1
       1
       2
       3
       3
       5
       3
       0
       5
       3
       4
       4
       2
       5
       2
       1
       1
       2
       2
       2
       1
       2
       9
       7
       1
       4
       2
       3
       4
       4
       5
       1
       6
       5
       3
       2
       3
       6
       2
       4
       3
       4
       4
       6
       6
       2
       5
       9
       3
       4
       7
       3
       3
       7
       4
       4
       4
       4
       1
       3
       2
       4
       2
       0
       4
       2
       5
       3
       3
       6
       0
       6
       5
       3
       2
       1
       1
       1
       4
       1
       1
       3
       2
       0
       2
       0
       1
       0
       2
       1
       1
       2
       2
       2
       2
       0
       1
       1
       1
       3
       0
       1
       2
       2
       0
       0
       1
       1
       3
       1
       0
       1
       1
       2
       3
       0
       2
       2
       3
       1
       3
       2
       2
       0
       1
       1
       0
       1
       0
       0
       1
       2
       0
       1
       2
       2
       2
       1
       2
       0
       2
       0
       0
       1
       0
       0
       1
       2
       0
       0
       1
       0
       1
       1
       2
       2
       1
       3
       2
       0
       1
       3
       1
       1
       1
       2
       2
       0
       1
       1
       3
       0
       2
       1
       0
       0
       2
       0
       3
       5
       2
       0
       1
       1
       1
       0
       0
       2
       0
       2
       1
       3
       0
       2
       1
       0
       1
       1
       0
       0
       2
       2
       1
       0
       4
       2
       1
       0
       1
       1
       0
       0
       0
       2
       1
       1
       0
       0
       0
       1
       1
       0
       0
       0
       3
       1
       0
       0
       1
       0
       2
       1
       1
       1
       0
       0
       0
       0
       1
       0
       0
       0
       0
       0
       0
       1
       0
       1
       0
       0
       0
       0
       2
       1
       0
       1
       0
       1
       0
       1
       0
       0
       1
       0
       1
       0
       0
       1
       1
       0
       0
       0
       3
       0
       2
       1
       0
       0
       2
       0
       1
       2
       0
       0
       1
       0
       1
       0
       2
       1
       2
       0
       2
       0
       1
       0
       0
       0
       3
       0
       0
       0
       0
       2
       0
       1
       1
       0
       0
       0
       1
       0
       0
       1
       0
       1
       1
       1
       1
       1
       1
       0
       0
       1
       1
       1
       0
       0
       0
       1
       1
       0
       1
       1
       0
       0
       0
       0
       0
       0
       1
       1
       1
       0
       0
       0
       0
       1
       1
       1
       0
       0
       0
       1
       2
       0
       1
       0
       1
       0
       1
       0
       0
       1
       1
       1
       1
       1
       0
       0
       0
       0
       0
       0
       1
       1
       1
       0
       2
       2
       1
       0
       0
       0
       4
       0
       2
       2
       1
       0
       2
       2
       1
       1
       1
       1
       0
       0
       2
       4
       0
       1
       0
       3
       2
       0
       0
       1
       3
       0
       0
       2
       1
       2
       0
       1
       0
       3
       0
       2
       1
       1
       3
       1
       0
       0
       0
       0
       1
       2
       1
       1
       1
       1
       0
       0
       0
       0
       0
       1
       1
       1
       0
       1
       1
       1
       1
       2
       0
       0
       0
       0
       1
       1
       0
       1
       0
       1
       0
       1
       0
       0
       0
       1
       0
       0
       0
       0
       0
       0
       1
       0
       1
       0
       0
       0
       0
       1
       0
       0
       0
       0
       0
       0
       0
       0
       0
       0
       0
       1
       1
       0
       0
       1
       1
       0
       0
       1
       0
       0
       1
       0
       0
       0
       0
       0
       0
       1
       0
       0
       0
       0
       0
       0
       0
       0
       0
       0
       0
       0
       0
       0
       0
       1
       0
       0
       0
       0
       2
       0
       0
       0
       0
       1
       1
       0
       1
       0
       1
       0
       1
       0
       0
       0
       0
       0
       0
       1
       0
       1
       0
       0
       0
       0
       1
       0
       0
       0
       0
       0
       0
       1
       0
       0
       1
       0
       2
       0
       0
       0
       0
       0
       1
       0
       1
       0
       1
       0
       0
       0
       1
       1
       0
       0
       0
       0
       0
       0
       0
       0
       0
       0
       0
       1
       0
       1
       0
       0
       0
       1
       0
       0
       0
       1
       0
       0
       0
       0
       0
       0
       0
       0
       0
       0
       1
       0
       0
       0
       0
       0
       0
       0
       0
       0
       0
       0
       0
       0
       0
       0
       0
       0
       0
       0
       0
       0
       0
       0
       0
       0
       0
       0
       0
       0
       0
       0
       0
       0
       0
       0
       0
       0
       0
       1
       1
       0
       0
       0
       0
       0
       0
       0
       0
       0
       0
       0
       0
       0
       0
       0
       0
       0
       0
       0
       0
       0
       0
       0
       0
       0
       0
       0
       0
       0
       0
       1
       0
       0
       0
       0
       0
       0
       0
       0
       0
       0
       0
       0
       0
       0
       0
       0
       0
       0
       1
       0
       1
       0
       0
       0
       0
       0
       0
       0
       0
       0
       0
       0
       0
       0
       0
       0
       0
       0
       0
       0
       1
       0
       1
       0
       0
       0
       0
       0
       0
       0
       0
       0
       0
       0
       0
       0
       0
       0
       0
       0
       0
       0
       0
       0
       0
       0
       0
       0
       0
       0
       0
       0
       0
       0
       0
       1
       0
       0
       1
       0
       0
       0
       0
       0
       0
       0
       0
       0
       0
       0
       0
       0
       0
       0
       0
       0
       0
       0
       0
       0
       0
       0
       0
       0
       0
       0
       0
       0
       0
       0
$ROI:
0
$PRESETS:
None
0
0
$ENER_FIT:
0.000000 2.205567
$MCA_CAL:
3
0.000000E+000 2.205567E+000 0.000000E+000 keV
$SHAPE_CAL:
3
0.000000E+000 0.000000E+000 0.000000E+000
