$SPEC_ID:
No sample description was entered.
$SPEC_REM:
DET# 2
DETDESC# SPACESCIENCE8 digiBASE-RH SN 15121449
AP# Maestro Version 7.01
$DATE_MEA:
11/03/2025 14:38:17
$MEAS_TIM:
44 44
$DATA:
0 1023
       0
       0
       0
       0
       0
       0
       0
       0
       0
       0
      71
     729
    1053
    1251
    1636
    2146
    2969
    3800
    4870
    5938
    6665
    7380
    7720
    7664
    7156
    6384
    5468
    4511
    3527
    2660
    1981
    1265
     955
     601
     406
     285
     179
     125
      98
      87
      60
      69
      68
      55
      46
      48
      53
      47
      44
      32
      26
      33
      34
      31
      33
      31
      29
      22
      26
      30
      17
      27
      28
      29
      21
      23
      26
      17
      31
      26
      16
      21
      27
      25
      22
      18
      19
      21
      18
      20
      22
      16
      20
      20
      16
      16
      17
      18
      20
      20
      21
      20
      14
      16
      12
      15
      14
       8
      15
      15
      12
      13
      12
      20
      16
      13
      16
      13
      13
      10
      12
      17
      18
      12
      13
      14
      18
      11
      14
      14
       9
      17
      11
      11
      13
      13
       9
      13
       3
       4
       8
      13
       6
      12
       9
       4
       7
       9
       9
       8
       9
      16
       9
       5
       4
       9
      11
      10
       7
       5
       3
      11
       4
       3
       6
       6
       6
       4
       9
       6
       7
       6
       7
       4
       9
       5
       4
       7
       2
       5
       5
       5
       8
       9
       5
       8
       8
       0
      12
       3
       2
       5
       4
       5
       2
       2
       4
       2
       5
       2
       1
       4
       2
       5
       4
       9
       4
       4
       3
       2
       1
       3
       6
       4
       1
       3
       4
       2
       6
       2
       1
       1
       4
       2
       2
       4
       4
       6
       5
       2
       4
       2
       2
       4
       5
       3
       0
       2
       2
       1
       1
       3
       4
       4
       6
       4
       2
       5
       3
       3
       2
       8
       1
       1
       1
       5
       3
       1
       1
       2
       4
       4
       5
      10
       5
       5
       5
       3
       3
       2
       6
       3
       7
       4
       3
       1
       5
       4
       6
       2
       6
       8
       7
       3
       6
       6
       2
       4
       4
       7
       3
       7
       5
       6
       3
       6
       5
       7
       4
       3
       3
       5
       7
       2
       6
      10
       3
       8
       3
       5
       4
       0
       4
       1
       3
       0
       2
       0
       1
       3
       1
       1
       3
       2
       2
       5
       0
       3
       0
       1
       2
       1
       2
       4
       2
       3
       2
       0
       1
       0
       3
       1
       1
       2
       1
       4
       1
       3
       3
       1
       3
       0
       2
       0
       0
       1
       2
       1
       0
       1
       1
       0
       2
       2
       2
       0
       1
       0
       4
       0
       1
       4
       3
       0
       1
       1
       1
       0
       1
       2
       2
       0
       2
       1
       2
       2
       4
       1
       1
       2
       1
       2
       2
       1
       3
       2
       2
       0
       1
       1
       1
       0
       2
       1
       1
       3
       2
       0
       3
       0
       2
       4
       1
       1
       1
       0
       2
       2
       1
       0
       2
       1
       3
       0
       0
       1
       3
       1
       0
       1
       0
       2
       2
       1
       1
       1
       1
       2
       0
       0
       2
       0
       2
       0
       1
       1
       0
       1
       0
       1
       0
       0
       0
       2
       0
       1
       3
       0
       1
       0
       3
       1
       0
       1
       0
       2
       0
       0
       1
       0
       2
       0
       1
       1
       1
       3
       2
       0
       0
       2
       1
       0
       0
       0
       1
       0
       0
       1
       2
       2
       1
       0
       1
       3
       2
       1
       1
       1
       0
       3
       0
       0
       0
       2
       2
       2
       2
       3
       0
       1
       2
       0
       1
       0
       0
       2
       1
       0
       0
       1
       2
       1
       0
       0
       1
       0
       0
       0
       0
       1
       1
       2
       0
       2
       1
       1
       2
       0
       1
       2
       2
       2
       1
       1
       4
       0
       1
       0
       0
       1
       0
       0
       0
       0
       2
       0
       0
       0
       0
       0
       2
       1
       1
       1
       1
       0
       3
       0
       2
       1
       0
       1
       2
       0
       0
       0
       1
       1
       0
       0
       1
       0
       0
       0
       0
       0
       1
       0
       1
       1
       0
       0
       0
       1
       0
       0
       0
       1
       1
       0
       1
       0
       0
       0
       0
       1
       0
       1
       0
       1
       1
       1
       0
       0
       1
       0
       1
       1
       0
       1
       0
       1
       1
       2
       1
       1
       0
       1
       1
       0
       0
       2
       1
       2
       1
       1
       4
       2
       0
       0
       0
       1
       0
       3
       2
       2
       0
       1
       3
       4
       1
       2
       1
       0
       0
       1
       2
       2
       1
       0
       0
       0
       2
       2
       0
       1
       1
       2
       0
       0
       2
       3
       1
       1
       1
       1
       0
       2
       2
       0
       1
       2
       0
       1
       1
       2
       1
       0
       2
       0
       1
       0
       1
       1
       0
       0
       1
       0
       0
       3
       0
       1
       0
       1
       0
       1
       2
       0
       1
       1
       1
       1
       0
       0
       2
       1
       1
       0
       1
       0
       0
       0
       0
       0
       0
       0
       1
       0
       0
       0
       0
       0
       0
       0
       0
       1
       0
       0
       0
       0
       0
       0
       0
       0
       0
       0
       0
       0
       0
       0
       0
       0
       0
       0
       0
       0
       0
       0
       0
       0
       1
       0
       0
       1
       0
       0
       0
       0
       0
       1
       1
       0
       0
       0
       0
       0
       0
       0
       0
       0
       0
       0
       1
       0
       0
       1
       1
       1
       1
       0
       0
       0
       0
       0
       0
       0
       0
       0
       1
       0
       0
       1
       0
       0
       0
       0
       0
       0
       0
       2
       0
       1
       0
       1
       0
       0
       1
       0
       0
       0
       0
       0
       0
       0
       0
       0
       0
       0
       0
       0
       1
       0
       0
       0
       0
       0
       0
       0
       0
       0
       0
       0
       0
       1
       0
       0
       0
       0
       0
       0
       0
       0
       0
       0
       0
       0
       0
       0
       0
       0
       0
       0
       0
       0
       0
       0
       0
       0
       2
       0
       0
       0
       0
       0
       0
       0
       0
       0
       0
       0
       0
       0
       0
       0
       0
       0
       1
       0
       0
       0
       0
       0
       0
       0
       0
       0
       0
       0
       0
       0
       0
       0
       0
       0
       0
       0
       0
       0
       0
       0
       0
       0
       0
       1
       0
       0
       0
       0
       0
       1
       2
       1
       0
       0
       0
       0
       0
       0
       0
       0
       1
       0
       0
       0
       0
       1
       0
       0
       0
       0
       0
       0
       0
       0
       0
       0
       0
       0
       0
       0
       0
       0
       0
       0
       1
       0
       1
       1
       0
       1
       0
       0
       2
       0
       0
       0
       0
       1
       0
       0
       1
       0
       0
       0
       0
       0
       0
       0
       0
       0
       0
       0
       0
       0
       1
       0
       0
       0
       0
       0
       0
       0
       1
       0
       0
       0
       0
       0
       0
       0
       0
       0
       1
       0
       0
       1
       1
       0
       0
       0
       0
       0
       1
       0
       0
       0
       0
       0
       0
       0
       0
       0
       0
       1
       0
       0
       0
       0
       0
       1
       0
       0
       0
       0
$ROI:
0
$PRESETS:
None
0
0
$ENER_FIT:
0.000000 2.205567
$MCA_CAL:
3
0.000000E+000 2.205567E+000 0.000000E+000 keV
$SHAPE_CAL:
3
0.000000E+000 0.000000E+000 0.000000E+000
