$SPEC_ID:
No sample description was entered.
$SPEC_REM:
DET# 1
DETDESC# SPACESCIENCE4 digiBASE-RH SN 15121435
AP# Maestro Version 7.01
$DATE_MEA:
10/28/2025 11:40:30
$MEAS_TIM:
30 30
$DATA:
0 1023
       0
       0
       0
       0
       0
       0
       0
       0
       0
       0
       0
       0
       0
       0
       0
      27
     466
     689
     487
     397
     352
     413
     452
     610
     791
     950
    1206
    1341
    1474
    1578
    1485
    1317
    1127
     867
     654
     484
     302
     202
     133
      89
      45
      28
      28
      22
      34
      28
      31
      37
      24
      26
      41
      20
      22
      23
      22
      17
      19
      18
      31
      10
      22
      14
      17
      21
      18
      16
      16
      23
      15
      18
      10
      27
      17
      11
      19
      18
      11
      14
      12
      11
      10
       3
      11
      13
      13
      15
      10
      10
      11
       6
       6
      13
       5
      13
      17
       8
      13
      12
      11
       8
       5
       5
       8
       1
      10
      12
       5
       9
       2
       7
       7
       8
       6
      10
       7
       7
       7
      10
       5
       7
       4
       5
       4
       4
       2
       7
       6
       3
       4
       1
       4
       3
       3
       6
       4
       6
       2
       5
       6
       8
       3
       6
       3
       2
       2
       3
       6
       3
       9
       4
       4
       4
       4
       5
       2
       3
       3
       3
       1
       2
       5
       2
       3
       5
       3
       7
       3
       1
       2
       5
       3
       2
       3
       3
       4
       3
       2
       3
       1
       4
       1
       2
       2
       2
       1
       2
       4
       2
       1
       3
       3
       1
       3
       2
       2
       3
       0
       2
       0
       2
       0
       0
       1
       1
       2
       2
       0
       2
       1
       1
       1
       0
       0
       1
       1
       0
       1
       1
       1
       1
       2
       1
       2
       1
       2
       3
       1
       3
       1
       1
       1
       0
       0
       1
       1
       1
       3
       0
       1
       0
       1
       2
       1
       0
       1
       4
       1
       3
       1
       3
       0
       0
       1
       2
       2
       2
       0
       1
       2
       1
       1
       0
       1
       1
       1
       0
       0
       0
       1
       1
       0
       1
       0
       2
       2
       2
       1
       3
       1
       1
       0
       1
       0
       0
       2
       3
       0
       0
       0
       0
       1
       0
       1
       0
       1
       0
       0
       2
       2
       0
       1
       1
       1
       1
       0
       2
       0
       2
       2
       1
       1
       0
       1
       1
       0
       0
       2
       1
       0
       0
       0
       1
       3
       2
       0
       1
       1
       0
       1
       3
       0
       1
       2
       1
       1
       0
       0
       0
       0
       0
       1
       1
       0
       0
       0
       0
       1
       1
       1
       0
       0
       1
       0
       0
       0
       0
       1
       1
       0
       0
       0
       0
       2
       1
       1
       1
       0
       0
       0
       1
       1
       0
       2
       0
       0
       0
       0
       2
       1
       1
       0
       2
       0
       1
       0
       0
       0
       1
       1
       0
       0
       1
       0
       0
       0
       0
       0
       0
       0
       0
       0
       0
       0
       0
       0
       0
       0
       0
       0
       2
       0
       2
       0
       1
       0
       1
       0
       0
       1
       1
       0
       2
       1
       0
       0
       0
       0
       0
       0
       0
       0
       1
       0
       0
       1
       2
       0
       0
       1
       0
       0
       0
       1
       1
       0
       0
       1
       1
       1
       1
       0
       1
       0
       1
       0
       1
       1
       0
       1
       1
       1
       0
       1
       0
       0
       1
       0
       0
       0
       0
       2
       0
       1
       1
       0
       0
       0
       1
       0
       0
       0
       0
       0
       0
       0
       0
       0
       1
       0
       0
       0
       0
       0
       0
       1
       0
       2
       1
       0
       0
       0
       0
       0
       0
       0
       0
       0
       0
       0
       0
       0
       0
       0
       0
       0
       0
       0
       0
       0
       0
       0
       1
       0
       2
       0
       0
       2
       0
       0
       0
       1
       0
       0
       0
       0
       1
       0
       0
       0
       0
       0
       0
       0
       0
       0
       1
       0
       0
       0
       0
       0
       1
       0
       1
       1
       0
       1
       0
       0
       0
       1
       0
       0
       0
       0
       0
       0
       0
       1
       0
       0
       0
       0
       0
       1
       0
       1
       0
       0
       1
       0
       0
       0
       0
       1
       0
       0
       0
       0
       1
       0
       0
       0
       0
       0
       0
       0
       0
       0
       1
       0
       0
       0
       1
       1
       0
       1
       0
       1
       0
       0
       0
       0
       0
       1
       0
       2
       1
       0
       0
       1
       0
       0
       0
       0
       0
       0
       1
       0
       0
       0
       0
       0
       0
       0
       1
       0
       1
       0
       0
       0
       0
       0
       0
       0
       1
       0
       0
       0
       0
       0
       0
       0
       1
       0
       0
       0
       0
       0
       1
       0
       0
       0
       0
       0
       1
       0
       0
       1
       0
       0
       0
       1
       0
       0
       0
       0
       0
       0
       0
       0
       1
       0
       1
       0
       0
       0
       0
       0
       1
       0
       0
       0
       0
       0
       0
       1
       0
       0
       0
       0
       0
       0
       0
       0
       1
       0
       0
       0
       1
       1
       0
       0
       0
       0
       0
       0
       1
       0
       0
       0
       0
       0
       0
       0
       0
       0
       0
       0
       0
       0
       0
       0
       0
       0
       0
       0
       0
       0
       0
       0
       0
       0
       2
       0
       0
       0
       0
       0
       0
       0
       0
       0
       0
       1
       0
       0
       1
       0
       0
       0
       0
       0
       0
       0
       0
       0
       0
       0
       0
       0
       0
       0
       0
       0
       0
       0
       0
       0
       0
       0
       0
       0
       0
       0
       0
       0
       0
       0
       0
       0
       0
       0
       0
       0
       0
       0
       1
       0
       0
       0
       0
       0
       0
       0
       0
       0
       0
       0
       0
       0
       0
       0
       0
       0
       0
       0
       0
       0
       0
       0
       0
       0
       0
       0
       0
       0
       0
       0
       0
       0
       0
       0
       0
       0
       0
       1
       0
       0
       0
       0
       0
       0
       0
       0
       0
       0
       0
       0
       0
       0
       0
       0
       0
       0
       0
       0
       0
       0
       0
       0
       0
       1
       0
       0
       0
       0
       0
       0
       0
       0
       1
       0
       0
       0
       0
       0
       0
       0
       0
       0
       0
       0
       0
       0
       0
       0
       0
       0
       0
       0
       0
       0
       0
       0
       0
       0
       0
       0
       0
       0
       0
       0
       0
       0
       0
       0
       0
       0
       0
       0
       0
       0
       0
       0
       0
       0
       0
       0
       0
       0
       0
       0
       0
       0
       1
       0
       0
       0
       0
       1
       0
       0
       0
       0
       0
       0
       0
       0
       0
       0
       0
       0
       0
       1
       0
       0
       0
       0
       0
       1
       0
       0
       0
       0
       0
       0
       0
       0
       0
       0
       0
       0
       0
       0
       0
       0
       0
       0
       0
       0
       0
       0
       0
       0
       1
       0
       0
       0
       0
       0
       0
       0
       0
       0
       0
       0
       1
       0
       0
       0
       0
       0
       0
       0
       0
       0
       0
       0
       0
       0
       0
       0
       0
       0
       0
       0
       0
       0
       0
       1
       0
       0
       0
       0
       0
       0
       0
       0
       0
       1
       0
       0
       0
$ROI:
0
$PRESETS:
None
0
0
$ENER_FIT:
-10.130505 2.230151
$MCA_CAL:
3
-1.013050E+001 2.230151E+000 -7.695740E-005 keV
$SHAPE_CAL:
3
6.128848E+000 7.994157E-002 -1.373380E-004
