$SPEC_ID:
No sample description was entered.
$SPEC_REM:
DET# 1
DETDESC# SPACESCIENCE4 digiBASE-RH SN 15121435
AP# Maestro Version 7.01
$DATE_MEA:
10/28/2025 11:41:26
$MEAS_TIM:
30 30
$DATA:
0 1023
       0
       0
       0
       0
       0
       0
       0
       0
       0
       0
       0
       0
       0
       0
       0
      30
     460
     791
     560
     455
     373
     399
     418
     569
     783
     992
    1099
    1311
    1455
    1422
    1395
    1160
    1001
     874
     595
     414
     330
     189
     109
      80
      47
      53
      32
      27
      31
      21
      41
      23
      25
      26
      21
      22
      29
      27
      18
      29
      28
      19
      22
      18
      15
      27
      19
      23
      16
      23
      16
      17
      17
      16
      20
      11
      20
      16
      16
       9
      16
      15
      11
       9
      13
      13
       8
      14
       9
       8
      15
      12
      11
      11
      10
       9
      16
      13
      16
       6
      12
      11
       7
       7
      11
       9
       6
      11
       7
       5
       7
       7
       4
       8
      10
       7
       4
       3
       8
       6
       5
       2
       9
       4
       5
       4
       8
       1
       5
       8
       5
       7
       3
       4
       6
       3
       6
       9
       7
       7
       7
       2
       6
       1
       4
       5
       2
       6
       4
       4
       2
       5
       3
       4
       7
       5
       2
       2
       5
       5
       5
       4
       5
       1
       4
       4
       1
       3
       2
       2
       2
       3
       2
       5
       1
       2
       1
       2
       2
       1
       1
       3
       2
       5
       1
       2
       2
       2
       1
       2
       0
       4
       2
       1
       3
       1
       0
       2
       0
       2
       1
       1
       1
       3
       0
       3
       3
       4
       2
       1
       2
       2
       3
       1
       2
       3
       1
       1
       0
       2
       0
       2
       3
       2
       0
       0
       1
       3
       1
       0
       0
       0
       0
       1
       2
       2
       1
       2
       0
       2
       1
       1
       2
       0
       0
       1
       0
       1
       3
       0
       0
       0
       1
       2
       2
       1
       0
       2
       0
       1
       0
       0
       0
       0
       3
       1
       2
       2
       0
       1
       2
       2
       2
       0
       4
       0
       1
       1
       1
       1
       0
       0
       1
       0
       1
       2
       1
       2
       1
       2
       1
       0
       1
       1
       1
       1
       1
       2
       0
       0
       2
       1
       0
       1
       1
       0
       1
       0
       0
       1
       1
       1
       0
       1
       1
       0
       0
       0
       0
       1
       1
       0
       1
       1
       0
       0
       1
       0
       2
       1
       1
       1
       1
       0
       2
       0
       2
       0
       0
       0
       0
       0
       0
       0
       1
       0
       0
       0
       1
       0
       0
       0
       1
       0
       0
       1
       0
       1
       1
       1
       0
       1
       2
       1
       0
       1
       0
       0
       0
       0
       0
       1
       0
       0
       1
       0
       0
       0
       0
       0
       0
       0
       2
       1
       0
       2
       0
       0
       1
       0
       1
       1
       0
       1
       0
       0
       0
       1
       0
       1
       0
       0
       0
       0
       0
       0
       0
       0
       2
       1
       0
       1
       1
       0
       0
       0
       0
       1
       0
       1
       0
       0
       1
       2
       2
       1
       0
       0
       0
       0
       0
       1
       0
       1
       0
       0
       0
       1
       0
       0
       0
       0
       0
       0
       1
       1
       0
       0
       0
       1
       0
       1
       0
       0
       0
       0
       0
       0
       0
       0
       1
       0
       0
       0
       0
       0
       0
       0
       1
       0
       0
       1
       1
       0
       0
       0
       0
       0
       0
       0
       1
       1
       1
       0
       1
       1
       0
       0
       0
       1
       0
       1
       0
       0
       0
       0
       0
       0
       0
       0
       0
       0
       0
       0
       1
       0
       0
       1
       0
       0
       0
       0
       1
       0
       0
       0
       1
       0
       0
       0
       0
       1
       0
       0
       0
       1
       1
       0
       1
       0
       0
       0
       0
       0
       0
       0
       0
       0
       0
       0
       0
       1
       0
       0
       1
       0
       1
       0
       0
       0
       0
       2
       1
       0
       1
       1
       0
       0
       0
       1
       0
       0
       0
       0
       0
       1
       0
       0
       2
       0
       0
       0
       0
       0
       0
       0
       0
       0
       0
       0
       1
       0
       0
       0
       0
       0
       0
       0
       1
       0
       1
       0
       0
       0
       0
       0
       0
       0
       0
       0
       0
       0
       0
       0
       0
       0
       0
       0
       1
       0
       1
       0
       0
       0
       0
       1
       1
       0
       0
       0
       0
       0
       1
       0
       0
       1
       0
       0
       1
       1
       0
       0
       0
       0
       0
       0
       0
       0
       0
       0
       0
       0
       0
       0
       0
       1
       0
       0
       1
       0
       1
       1
       0
       1
       0
       0
       0
       0
       0
       0
       0
       0
       0
       0
       1
       0
       0
       0
       0
       0
       0
       0
       0
       0
       0
       0
       0
       0
       1
       0
       0
       0
       0
       1
       0
       0
       0
       0
       0
       0
       0
       0
       0
       0
       0
       1
       0
       0
       0
       0
       0
       0
       0
       0
       0
       0
       0
       0
       0
       0
       0
       0
       0
       0
       0
       0
       0
       0
       0
       0
       0
       0
       0
       0
       0
       1
       0
       0
       0
       0
       0
       0
       0
       0
       0
       0
       0
       0
       0
       0
       0
       0
       0
       0
       0
       0
       0
       0
       0
       0
       0
       0
       0
       0
       0
       0
       0
       0
       1
       0
       0
       0
       0
       0
       0
       0
       0
       0
       0
       0
       0
       0
       0
       0
       0
       0
       0
       0
       0
       0
       1
       0
       0
       0
       0
       0
       0
       0
       0
       0
       0
       0
       0
       0
       0
       0
       0
       0
       0
       0
       0
       0
       0
       0
       0
       0
       0
       0
       0
       0
       1
       0
       0
       0
       1
       0
       0
       0
       0
       0
       0
       0
       0
       0
       0
       0
       0
       0
       0
       0
       0
       0
       0
       0
       0
       0
       0
       0
       0
       0
       0
       0
       0
       0
       0
       1
       0
       0
       0
       0
       0
       0
       0
       0
       0
       0
       0
       0
       0
       0
       0
       0
       0
       0
       0
       0
       0
       0
       0
       0
       0
       0
       0
       0
       2
       0
       0
       0
       0
       0
       0
       0
       0
       0
       0
       0
       0
       0
       0
       0
       1
       0
       0
       0
       0
       0
       0
       0
       0
       0
       0
       0
       0
       0
       0
       0
       0
       1
       0
       0
       0
       0
       0
       0
       0
       0
       0
       0
       0
       0
       0
       0
       0
       0
       0
       0
       0
       0
       0
       0
       0
       0
       0
       0
       0
       0
       0
       0
       0
       0
       0
       0
       0
       0
       0
       0
       0
       0
       0
       0
       0
       0
       0
       0
       0
       0
       0
       0
       0
       0
       0
       0
       0
       0
       0
       0
       0
       0
       0
       0
       0
       0
       0
       0
       0
       0
       0
       0
       0
       0
       0
       0
       0
       0
       0
       0
       0
       0
       0
       0
       0
       0
       0
       0
       0
       0
       0
       0
       0
       0
       0
       0
       0
       0
       0
       0
       0
       0
       0
       0
       0
       0
       0
       0
       0
       0
       0
       0
       0
       0
       0
       0
       0
       0
       0
       0
       0
       0
$ROI:
0
$PRESETS:
None
0
0
$ENER_FIT:
-10.130505 2.230151
$MCA_CAL:
3
-1.013050E+001 2.230151E+000 -7.695740E-005 keV
$SHAPE_CAL:
3
6.128848E+000 7.994157E-002 -1.373380E-004
