$SPEC_ID:
No sample description was entered.
$SPEC_REM:
DET# 1
DETDESC# SPACESCIENCE4 digiBASE-RH SN 15121435
AP# Maestro Version 7.01
$DATE_MEA:
10/28/2025 11:44:08
$MEAS_TIM:
30 30
$DATA:
0 1023
       0
       0
       0
       0
       0
       0
       0
       0
       0
       0
       0
       0
       0
       0
       0
      32
     554
     835
     641
     485
     535
     577
     701
     911
    1107
    1303
    1625
    1727
    1799
    1734
    1630
    1408
    1175
     923
     670
     429
     324
     196
     118
      97
      50
      42
      33
      24
      35
      27
      27
      25
      24
      22
      25
      26
      31
      18
      16
      19
      25
      25
      19
      25
      12
      19
      21
      22
      20
      28
      22
      25
      15
      16
      17
      15
      19
      14
       8
      12
      13
      11
      16
      17
      15
      17
      11
      10
       6
      11
      17
      12
      17
      12
       9
       9
       7
       7
      11
      14
       5
      17
      11
       5
       5
      11
      10
       5
       6
       3
       7
       4
       5
       3
       7
       8
       5
       9
       7
       7
      10
       4
       5
       4
      14
       7
       4
       7
       5
       3
       8
       7
       6
       5
       5
      10
       4
       5
       6
       3
       6
       3
       2
       4
      10
       3
       7
       8
       6
       2
       4
       3
       2
       4
       3
       2
       4
       7
       6
       3
       2
       2
       1
       1
       3
       3
       3
       4
       2
       4
       3
       4
       0
       6
       1
       1
       1
       2
       3
       3
       0
       3
       4
       2
       1
       2
       3
       0
       0
       2
       2
       2
       2
       1
       5
       1
       0
       2
       2
       4
       1
       1
       0
       2
       3
       1
       0
       2
       2
       1
       0
       3
       0
       1
       1
       1
       3
       1
       1
       0
       0
       2
       1
       2
       0
       2
       4
       1
       1
       3
       0
       2
       1
       2
       3
       1
       2
       3
       1
       0
       1
       1
       0
       2
       0
       1
       0
       1
       2
       1
       2
       0
       2
       2
       1
       1
       1
       0
       0
       2
       0
       2
       3
       0
       1
       0
       1
       0
       0
       0
       3
       0
       0
       0
       1
       0
       2
       1
       2
       1
       0
       0
       0
       1
       2
       2
       2
       0
       1
       0
       1
       0
       1
       0
       3
       2
       1
       0
       0
       1
       0
       0
       1
       1
       1
       0
       1
       0
       0
       1
       0
       0
       0
       1
       0
       0
       0
       1
       2
       2
       0
       1
       1
       0
       1
       1
       1
       1
       0
       0
       0
       1
       0
       0
       2
       0
       0
       1
       0
       0
       0
       0
       0
       0
       0
       3
       3
       0
       1
       0
       1
       1
       3
       0
       1
       1
       0
       1
       0
       1
       1
       0
       0
       0
       0
       0
       1
       1
       2
       1
       1
       0
       1
       0
       0
       2
       2
       1
       0
       2
       0
       0
       0
       0
       0
       1
       0
       0
       0
       1
       0
       1
       1
       1
       1
       0
       2
       0
       0
       1
       0
       0
       0
       1
       1
       1
       0
       1
       0
       1
       0
       0
       0
       0
       0
       0
       1
       0
       1
       0
       0
       0
       1
       1
       0
       0
       0
       0
       2
       1
       0
       0
       0
       0
       1
       0
       1
       0
       0
       1
       0
       0
       0
       1
       0
       0
       1
       0
       0
       0
       0
       1
       0
       1
       0
       0
       1
       0
       0
       1
       0
       0
       0
       0
       0
       0
       1
       0
       1
       0
       0
       0
       0
       1
       0
       1
       1
       0
       0
       0
       0
       1
       0
       1
       1
       0
       1
       0
       2
       0
       0
       0
       0
       0
       0
       0
       0
       0
       1
       0
       0
       1
       1
       1
       0
       0
       0
       0
       0
       0
       1
       0
       0
       0
       1
       0
       0
       0
       0
       0
       0
       0
       0
       1
       0
       0
       0
       0
       0
       0
       0
       1
       1
       0
       1
       0
       0
       1
       0
       1
       0
       0
       0
       0
       1
       0
       0
       0
       0
       0
       0
       0
       0
       0
       0
       0
       0
       0
       1
       1
       0
       0
       0
       1
       0
       1
       0
       0
       0
       0
       0
       1
       1
       0
       0
       0
       0
       0
       1
       0
       0
       0
       0
       0
       0
       1
       0
       0
       0
       1
       0
       0
       0
       0
       0
       0
       0
       0
       1
       0
       0
       0
       1
       0
       0
       0
       0
       0
       1
       1
       0
       1
       0
       2
       2
       1
       0
       0
       0
       0
       0
       0
       1
       0
       0
       1
       0
       0
       0
       0
       1
       0
       0
       0
       0
       0
       0
       0
       1
       1
       0
       0
       0
       0
       0
       0
       0
       1
       0
       0
       0
       0
       0
       0
       0
       1
       0
       0
       0
       0
       0
       0
       0
       0
       0
       0
       0
       0
       1
       0
       0
       0
       0
       0
       1
       0
       0
       0
       0
       1
       0
       0
       0
       0
       0
       0
       0
       0
       0
       1
       0
       0
       0
       0
       0
       0
       0
       0
       0
       0
       0
       1
       0
       0
       0
       0
       0
       0
       0
       0
       0
       0
       0
       0
       0
       0
       0
       0
       0
       0
       0
       0
       0
       0
       0
       0
       0
       0
       1
       0
       0
       0
       0
       0
       0
       0
       0
       0
       0
       0
       0
       0
       0
       0
       0
       1
       1
       0
       0
       0
       0
       0
       0
       0
       0
       0
       0
       0
       0
       0
       0
       0
       0
       0
       0
       0
       0
       0
       0
       0
       0
       0
       0
       0
       0
       0
       0
       0
       0
       0
       0
       0
       0
       0
       0
       0
       0
       0
       0
       0
       0
       0
       0
       0
       0
       0
       0
       0
       0
       0
       0
       0
       0
       1
       0
       0
       1
       0
       0
       0
       0
       0
       0
       0
       0
       0
       0
       0
       0
       0
       0
       0
       0
       0
       0
       0
       0
       0
       0
       0
       1
       0
       0
       0
       0
       0
       0
       0
       0
       0
       0
       0
       0
       0
       0
       0
       0
       0
       0
       0
       0
       0
       0
       0
       0
       0
       0
       0
       0
       1
       0
       0
       0
       0
       0
       0
       0
       0
       0
       0
       1
       0
       0
       0
       0
       0
       0
       0
       0
       0
       0
       0
       0
       0
       0
       0
       0
       0
       0
       1
       0
       0
       0
       0
       0
       0
       0
       0
       0
       0
       0
       0
       0
       0
       0
       0
       0
       0
       0
       0
       0
       0
       0
       0
       0
       0
       0
       0
       0
       0
       0
       0
       0
       0
       0
       0
       0
       0
       0
       0
       0
       0
       0
       0
       0
       0
       0
       0
       0
       0
       0
       0
       0
       0
       0
       0
       0
       0
       0
       0
       0
       0
       1
       0
       0
       0
       0
       0
       0
       0
       0
       0
       0
       0
       0
       0
       0
       0
       0
       0
       0
       0
       0
       0
       0
       0
       0
       0
       0
       0
       0
       0
       0
       0
       0
       0
       0
       0
       0
       0
       0
       0
       0
       0
       0
       0
       0
       0
       0
       0
       0
       0
       0
       1
       0
       0
       0
       0
       0
       0
       0
       0
       0
       0
       0
       0
       0
       0
       0
       0
       0
       0
       0
       0
       0
       0
       0
       0
$ROI:
0
$PRESETS:
None
0
0
$ENER_FIT:
-10.130505 2.230151
$MCA_CAL:
3
-1.013050E+001 2.230151E+000 -7.695740E-005 keV
$SHAPE_CAL:
3
6.128848E+000 7.994157E-002 -1.373380E-004
