$SPEC_ID:
No sample description was entered.
$SPEC_REM:
DET# 1
DETDESC# SPACESCIENCE4 digiBASE-RH SN 15121435
AP# Maestro Version 7.01
$DATE_MEA:
10/28/2025 11:38:05
$MEAS_TIM:
30 30
$DATA:
0 1023
       0
       0
       0
       0
       0
       0
       0
       0
       0
       0
       0
       0
       0
       0
       0
      25
     417
     587
     450
     384
     360
     365
     445
     572
     832
     985
    1244
    1482
    1618
    1690
    1572
    1408
    1218
    1027
     747
     507
     340
     244
     164
      97
      57
      69
      20
      21
      22
      21
      26
      28
      31
      36
      33
      29
      25
      29
      21
      17
      17
      22
      27
      17
      13
      19
      21
      25
      23
      23
      21
      22
      22
      17
      14
      17
      17
      12
      13
      16
      21
      15
       9
      10
      16
      14
      19
       6
      10
      13
      13
      13
      11
      12
      14
      12
      11
       7
      14
      11
      12
       8
      11
       6
       5
       7
      13
      11
       4
       8
       5
       7
       4
      10
       9
       4
       4
       6
       7
       1
       5
       5
       4
       9
       6
       5
       4
      11
       5
       5
       4
       9
       4
       5
       4
       3
       6
       3
       5
       5
       4
       4
       3
       3
       1
       6
       8
       3
       4
       4
       1
       7
       3
       2
       2
      10
       3
       1
       4
       1
       5
       1
       0
       5
       1
       4
       2
       2
       5
       3
       2
       3
       0
       0
       1
       1
       4
       2
       4
       5
       0
       3
       3
       2
       2
       3
       3
       0
       3
       2
       0
       3
       1
       1
       3
       5
       0
       1
       1
       1
       2
       2
       1
       1
       2
       0
       1
       2
       1
       0
       1
       3
       0
       0
       2
       1
       6
       0
       3
       1
       0
       1
       0
       3
       0
       2
       0
       0
       1
       1
       2
       1
       1
       3
       1
       3
       0
       2
       3
       2
       0
       0
       0
       3
       1
       2
       1
       1
       5
       3
       0
       1
       1
       1
       3
       2
       1
       2
       1
       0
       3
       0
       1
       1
       2
       2
       2
       0
       0
       0
       1
       1
       0
       1
       3
       1
       2
       0
       0
       0
       1
       0
       0
       2
       0
       0
       2
       1
       2
       1
       1
       0
       1
       2
       3
       3
       1
       0
       2
       1
       0
       1
       0
       1
       0
       1
       2
       1
       2
       1
       1
       1
       0
       0
       0
       1
       3
       0
       1
       1
       2
       0
       0
       2
       1
       1
       3
       0
       1
       0
       2
       0
       2
       0
       0
       0
       0
       1
       1
       1
       1
       0
       0
       1
       0
       0
       0
       0
       1
       0
       3
       0
       0
       1
       1
       0
       1
       0
       0
       1
       1
       0
       1
       0
       0
       1
       0
       0
       1
       1
       1
       1
       0
       0
       0
       0
       0
       0
       0
       0
       1
       0
       0
       0
       0
       1
       0
       1
       2
       1
       1
       1
       1
       0
       0
       1
       0
       0
       1
       0
       0
       1
       1
       0
       0
       0
       0
       1
       0
       0
       0
       1
       1
       0
       0
       2
       0
       0
       0
       0
       1
       0
       1
       1
       1
       0
       1
       0
       0
       0
       0
       0
       0
       0
       1
       1
       0
       1
       1
       0
       1
       1
       0
       0
       0
       0
       0
       0
       1
       0
       0
       0
       0
       0
       0
       0
       0
       1
       1
       0
       0
       0
       0
       1
       1
       2
       0
       1
       1
       1
       1
       1
       0
       1
       0
       0
       0
       0
       2
       1
       2
       0
       1
       0
       0
       0
       0
       1
       0
       0
       0
       0
       0
       1
       0
       0
       0
       0
       0
       1
       0
       0
       0
       0
       2
       1
       0
       0
       0
       1
       2
       0
       0
       0
       0
       1
       1
       1
       0
       0
       0
       0
       1
       0
       0
       0
       0
       0
       0
       1
       0
       0
       0
       0
       0
       0
       0
       0
       1
       0
       0
       0
       1
       0
       0
       0
       0
       0
       0
       0
       0
       1
       0
       0
       0
       1
       0
       0
       0
       0
       0
       0
       0
       0
       0
       0
       0
       0
       0
       1
       0
       0
       0
       0
       0
       0
       0
       0
       0
       0
       0
       1
       0
       0
       0
       0
       0
       0
       0
       1
       0
       0
       0
       0
       0
       0
       0
       1
       0
       0
       2
       0
       0
       0
       0
       0
       0
       0
       1
       0
       0
       0
       0
       1
       0
       0
       1
       0
       0
       1
       0
       1
       0
       0
       0
       0
       1
       1
       0
       1
       0
       0
       0
       0
       0
       0
       0
       0
       1
       1
       0
       0
       1
       0
       0
       0
       0
       0
       0
       0
       1
       0
       0
       0
       1
       0
       0
       0
       0
       0
       2
       0
       0
       0
       0
       2
       0
       0
       0
       0
       0
       0
       0
       0
       2
       0
       0
       0
       0
       0
       1
       0
       0
       0
       0
       1
       0
       0
       0
       0
       0
       0
       0
       0
       1
       0
       1
       0
       0
       0
       0
       0
       0
       0
       0
       0
       0
       0
       0
       0
       0
       0
       0
       0
       0
       0
       0
       0
       0
       0
       0
       0
       0
       0
       0
       1
       0
       0
       0
       0
       0
       0
       0
       0
       0
       0
       0
       0
       0
       0
       0
       0
       0
       0
       0
       0
       0
       0
       0
       0
       0
       0
       0
       0
       0
       0
       0
       0
       1
       0
       0
       1
       0
       0
       1
       0
       0
       0
       1
       0
       0
       0
       0
       0
       0
       0
       0
       0
       0
       0
       0
       0
       0
       0
       0
       0
       0
       0
       0
       0
       0
       0
       0
       1
       0
       0
       0
       0
       0
       0
       0
       0
       0
       0
       0
       0
       0
       1
       0
       0
       0
       0
       0
       0
       0
       0
       0
       1
       0
       0
       0
       0
       0
       0
       0
       0
       0
       0
       0
       0
       0
       0
       0
       0
       0
       0
       0
       0
       0
       0
       0
       0
       0
       1
       0
       0
       0
       0
       0
       0
       0
       0
       0
       0
       0
       0
       0
       0
       0
       0
       0
       0
       0
       0
       0
       0
       0
       0
       0
       0
       0
       0
       0
       0
       0
       0
       0
       0
       0
       0
       0
       0
       0
       0
       0
       0
       0
       0
       0
       0
       0
       0
       0
       0
       0
       0
       0
       0
       0
       0
       0
       0
       0
       0
       0
       0
       0
       0
       0
       0
       0
       0
       0
       0
       0
       0
       0
       0
       0
       0
       0
       0
       0
       0
       0
       0
       0
       0
       0
       0
       0
       0
       0
       0
       0
       0
       1
       0
       0
       0
       0
       0
       0
       0
       0
       0
       0
       0
       0
       0
       0
       0
       0
       0
       0
       0
       0
       0
       0
       0
       0
       0
       0
       0
       0
       0
       0
       0
       0
       0
       0
       0
       1
       0
       0
       0
       0
       0
       0
       0
       0
       0
       0
       0
       1
       0
       1
       0
       0
       0
       0
       0
       0
       0
       0
       0
       0
       0
       0
       0
       0
       0
       0
       0
       0
       0
       0
       0
       0
       0
       0
       0
       0
       0
       0
       0
       0
       0
       0
       0
       0
       0
       0
       0
       0
       0
       0
       0
$ROI:
0
$PRESETS:
None
0
0
$ENER_FIT:
-10.130505 2.230151
$MCA_CAL:
3
-1.013050E+001 2.230151E+000 -7.695740E-005 keV
$SHAPE_CAL:
3
6.128848E+000 7.994157E-002 -1.373380E-004
