$SPEC_ID:
No sample description was entered.
$SPEC_REM:
DET# 1
DETDESC# SPACESCIENCE4 digiBASE-RH SN 15121435
AP# Maestro Version 7.01
$DATE_MEA:
10/28/2025 11:35:52
$MEAS_TIM:
30 30
$DATA:
0 1023
       0
       0
       0
       0
       0
       0
       0
       0
       0
       0
       0
       0
       0
       0
       0
      26
     481
     758
     546
     456
     399
     388
     488
     625
     761
     966
    1156
    1314
    1397
    1467
    1359
    1215
    1020
     835
     611
     412
     277
     211
     111
      57
      42
      35
      13
      19
      26
      27
      21
      22
      30
      30
      19
      20
      15
      20
      19
      24
      18
      23
      16
      23
      21
      18
      12
      15
      18
      15
      14
      10
      22
      15
      25
      10
      14
      13
      20
      13
      15
      13
      13
       6
      10
      10
      12
      13
      12
       8
      10
      14
      14
      14
      14
      12
       5
       9
      11
      10
       7
       7
       6
      16
      11
       9
      11
      13
       8
      12
       9
       5
       9
      14
       7
       4
       4
      12
       5
       3
       7
       6
       4
       7
       4
       3
       8
      11
       8
       8
       3
       6
       3
       9
      10
       3
       6
       4
       5
       5
       4
       7
       1
       0
       5
       4
       7
       5
       3
       3
       4
       4
       5
       4
       4
       4
       3
       2
       2
       4
       3
       4
       4
       4
       2
       0
       2
       0
       5
       5
       3
       4
       1
       2
       5
       5
       0
       4
       2
       1
       2
       1
       0
       0
       2
       1
       2
       0
       3
       2
       2
       0
       2
       1
       0
       0
       3
       0
       0
       3
       1
       3
       2
       0
       0
       4
       1
       1
       2
       4
       2
       0
       1
       2
       3
       2
       3
       0
       2
       1
       1
       1
       1
       1
       2
       2
       2
       2
       0
       0
       0
       3
       0
       2
       1
       2
       1
       1
       1
       1
       2
       0
       4
       1
       0
       1
       0
       2
       1
       0
       0
       1
       0
       2
       1
       1
       1
       1
       1
       3
       1
       1
       2
       2
       1
       0
       1
       0
       2
       1
       1
       1
       0
       1
       1
       2
       0
       2
       3
       0
       1
       1
       1
       1
       1
       0
       1
       1
       0
       1
       0
       0
       0
       1
       0
       2
       1
       0
       1
       1
       1
       1
       2
       1
       0
       2
       0
       0
       1
       1
       0
       1
       0
       1
       0
       2
       0
       1
       0
       0
       0
       1
       2
       0
       1
       0
       2
       1
       1
       0
       0
       0
       0
       2
       0
       2
       2
       0
       0
       1
       1
       0
       0
       0
       0
       0
       2
       1
       2
       0
       1
       0
       0
       2
       0
       0
       0
       0
       1
       0
       1
       1
       2
       2
       0
       0
       0
       0
       1
       0
       0
       0
       1
       0
       0
       0
       0
       0
       0
       0
       1
       1
       1
       0
       0
       0
       1
       0
       0
       0
       0
       0
       0
       0
       1
       1
       0
       1
       1
       0
       0
       0
       0
       0
       2
       0
       0
       1
       0
       0
       1
       0
       0
       1
       0
       0
       0
       1
       0
       0
       1
       1
       0
       0
       0
       0
       0
       0
       0
       0
       0
       0
       0
       1
       0
       0
       0
       1
       1
       0
       0
       0
       0
       0
       0
       0
       2
       1
       1
       1
       0
       0
       0
       0
       0
       0
       0
       0
       0
       1
       0
       0
       0
       0
       0
       0
       0
       0
       1
       0
       0
       1
       0
       0
       1
       0
       0
       0
       1
       0
       0
       0
       0
       0
       0
       0
       1
       0
       1
       0
       1
       0
       0
       1
       0
       0
       1
       0
       0
       0
       0
       0
       1
       0
       0
       1
       1
       0
       1
       0
       0
       2
       0
       0
       1
       0
       0
       2
       0
       1
       0
       0
       0
       0
       0
       0
       0
       0
       0
       0
       0
       0
       0
       0
       0
       0
       0
       0
       1
       0
       2
       0
       0
       0
       0
       0
       1
       0
       1
       0
       1
       0
       0
       0
       1
       0
       0
       0
       0
       0
       0
       0
       0
       0
       0
       0
       0
       1
       0
       0
       0
       0
       1
       0
       1
       0
       0
       0
       0
       1
       0
       1
       0
       0
       0
       0
       0
       0
       0
       0
       0
       0
       1
       0
       0
       0
       0
       0
       0
       0
       1
       0
       0
       0
       0
       0
       0
       0
       0
       1
       1
       0
       2
       0
       0
       0
       0
       0
       1
       0
       0
       0
       0
       0
       0
       0
       0
       0
       2
       0
       1
       0
       0
       0
       0
       1
       0
       1
       0
       1
       0
       0
       2
       2
       1
       0
       0
       1
       0
       0
       1
       0
       1
       1
       0
       0
       1
       0
       0
       1
       0
       1
       0
       0
       0
       0
       0
       0
       0
       0
       0
       0
       0
       0
       0
       0
       0
       0
       0
       0
       0
       0
       0
       0
       2
       0
       0
       0
       0
       2
       0
       1
       0
       0
       0
       0
       0
       0
       0
       0
       0
       2
       0
       0
       0
       0
       0
       0
       0
       0
       0
       0
       0
       0
       0
       0
       0
       0
       0
       0
       1
       0
       0
       1
       0
       0
       0
       0
       0
       0
       0
       1
       0
       1
       0
       0
       0
       0
       0
       0
       0
       0
       0
       0
       0
       0
       0
       0
       0
       0
       0
       0
       0
       0
       0
       0
       0
       0
       0
       0
       0
       0
       0
       0
       0
       0
       0
       0
       0
       0
       0
       0
       0
       2
       0
       0
       0
       0
       0
       0
       0
       0
       0
       0
       0
       0
       0
       0
       0
       0
       0
       0
       0
       1
       0
       0
       0
       0
       0
       0
       0
       0
       1
       0
       0
       0
       0
       0
       0
       0
       0
       0
       0
       0
       0
       0
       0
       0
       0
       0
       0
       0
       1
       0
       0
       0
       0
       0
       0
       0
       0
       0
       0
       0
       0
       0
       0
       0
       0
       0
       0
       0
       0
       0
       0
       0
       0
       0
       0
       0
       0
       0
       1
       0
       0
       0
       0
       0
       0
       0
       0
       0
       0
       0
       0
       0
       0
       0
       0
       0
       0
       0
       0
       0
       0
       0
       0
       0
       1
       0
       0
       0
       0
       0
       0
       0
       0
       0
       0
       0
       0
       0
       0
       0
       0
       1
       0
       0
       0
       0
       0
       0
       0
       0
       0
       0
       0
       0
       0
       0
       0
       0
       0
       0
       0
       0
       0
       0
       0
       0
       0
       0
       0
       0
       0
       0
       0
       0
       0
       0
       0
       0
       0
       0
       0
       0
       0
       0
       0
       0
       0
       0
       0
       0
       0
       0
       0
       1
       0
       0
       0
       0
       0
       0
       0
       0
       0
       0
       0
       0
       0
       0
       0
       0
       0
       0
       0
       0
       0
       0
       0
       0
       0
       0
       0
       0
       0
       0
       0
       0
       0
       1
       0
       0
       0
       0
       0
       1
       0
       0
       0
       0
       0
       0
       0
       0
       0
       0
       0
       0
       0
       0
       0
       0
       0
       0
       0
       0
       0
       0
       0
       0
       0
       0
       0
       0
       0
       0
       0
       0
       0
       0
       0
       0
       0
       0
       0
       0
$ROI:
0
$PRESETS:
None
0
0
$ENER_FIT:
-10.130505 2.230151
$MCA_CAL:
3
-1.013050E+001 2.230151E+000 -7.695740E-005 keV
$SHAPE_CAL:
3
6.128848E+000 7.994157E-002 -1.373380E-004
