$SPEC_ID:
No sample description was entered.
$SPEC_REM:
DET# 1
DETDESC# SPACESCIENCE4 digiBASE-RH SN 15121435
AP# Maestro Version 7.01
$DATE_MEA:
10/28/2025 11:34:55
$MEAS_TIM:
29 29
$DATA:
0 1023
       0
       0
       0
       0
       0
       0
       0
       0
       0
       0
       0
       0
       0
       0
       0
      28
     542
     806
     629
     489
     414
     432
     579
     751
     885
    1045
    1237
    1366
    1375
    1455
    1304
    1176
     937
     726
     529
     376
     253
     156
      93
      58
      53
      46
      22
      16
      29
      32
      22
      22
      23
      28
      23
      27
      18
      20
      25
      21
      15
      21
      27
      14
      13
      19
      17
      20
      14
      13
      11
      14
       7
      16
      14
      13
      20
      17
      11
      21
      10
      15
       7
      16
      19
      21
      15
      12
      16
      14
      11
       5
      12
       5
       7
      11
      10
       8
      11
       9
      12
       8
       8
       7
       7
       9
       8
       7
      10
      10
       6
       5
       6
       5
       6
       4
       7
       5
       1
       7
       9
       6
      12
       2
       7
      11
       2
       3
      11
       3
      13
       5
       3
       4
       4
       7
       4
       1
       1
       6
       7
       3
       6
       3
       4
       5
       4
       2
       3
       5
       7
       2
       9
       4
       2
       4
       2
       0
       3
       3
       2
       2
       3
       3
       3
       8
       2
       4
       3
       2
       5
       4
       1
       0
       3
       1
       1
       1
       1
       0
       3
       2
       2
       0
       1
       4
       0
       3
       0
       2
       0
       1
       2
       1
       2
       6
       0
       0
       2
       1
       1
       3
       1
       1
       2
       2
       0
       0
       3
       0
       0
       2
       0
       1
       4
       1
       1
       2
       2
       2
       2
       1
       0
       2
       2
       3
       2
       2
       3
       0
       2
       1
       3
       0
       1
       1
       0
       0
       1
       2
       1
       1
       0
       2
       0
       2
       6
       4
       1
       0
       0
       2
       2
       3
       0
       0
       1
       2
       0
       0
       1
       1
       1
       2
       1
       0
       1
       0
       1
       0
       1
       1
       2
       1
       0
       1
       3
       1
       0
       1
       0
       0
       2
       1
       2
       1
       2
       3
       2
       1
       1
       2
       0
       1
       0
       1
       1
       0
       1
       0
       2
       0
       1
       1
       0
       1
       4
       0
       2
       2
       1
       1
       1
       2
       0
       2
       0
       1
       2
       1
       0
       1
       1
       1
       3
       1
       1
       2
       1
       0
       1
       1
       0
       0
       1
       2
       0
       2
       0
       0
       0
       2
       1
       1
       0
       0
       0
       0
       1
       1
       0
       1
       0
       0
       0
       0
       2
       0
       2
       0
       0
       0
       0
       2
       0
       1
       0
       1
       1
       0
       1
       0
       0
       1
       1
       1
       1
       0
       1
       0
       0
       0
       0
       0
       0
       2
       0
       1
       0
       0
       1
       0
       0
       0
       0
       0
       1
       2
       0
       0
       0
       1
       0
       1
       0
       1
       2
       0
       0
       0
       0
       1
       1
       0
       0
       0
       0
       0
       0
       0
       1
       0
       0
       0
       0
       1
       1
       0
       0
       1
       0
       0
       1
       0
       0
       0
       0
       0
       0
       0
       0
       0
       0
       1
       0
       1
       0
       1
       1
       0
       0
       1
       0
       0
       0
       0
       0
       0
       2
       1
       1
       0
       0
       1
       0
       0
       2
       1
       1
       1
       1
       2
       0
       0
       0
       0
       1
       0
       1
       0
       0
       0
       0
       0
       0
       0
       0
       0
       0
       0
       0
       0
       1
       1
       0
       0
       0
       0
       0
       0
       1
       0
       0
       0
       0
       0
       0
       1
       0
       1
       0
       0
       1
       2
       1
       0
       0
       0
       0
       0
       0
       0
       0
       0
       0
       1
       1
       0
       0
       0
       0
       0
       1
       0
       0
       0
       0
       0
       0
       0
       0
       0
       0
       0
       0
       0
       0
       1
       0
       0
       1
       0
       0
       1
       0
       0
       0
       0
       0
       0
       0
       0
       0
       0
       0
       0
       0
       0
       0
       0
       0
       0
       0
       0
       0
       0
       1
       0
       0
       0
       0
       0
       0
       1
       0
       0
       0
       1
       1
       0
       0
       0
       0
       0
       0
       0
       0
       0
       0
       1
       1
       1
       1
       0
       0
       0
       0
       0
       0
       1
       0
       1
       1
       1
       0
       0
       0
       0
       0
       0
       1
       0
       0
       1
       0
       0
       1
       0
       0
       0
       0
       0
       0
       1
       0
       1
       0
       0
       0
       2
       0
       1
       0
       0
       0
       0
       0
       0
       0
       0
       0
       0
       0
       0
       0
       0
       1
       0
       0
       0
       0
       0
       0
       0
       0
       0
       0
       0
       0
       0
       1
       0
       0
       0
       1
       0
       0
       0
       1
       1
       0
       0
       0
       0
       0
       0
       0
       0
       0
       0
       0
       0
       0
       0
       0
       0
       0
       0
       0
       0
       0
       0
       0
       0
       0
       0
       0
       0
       0
       0
       0
       0
       0
       0
       0
       0
       0
       0
       0
       0
       0
       0
       0
       0
       1
       0
       0
       0
       0
       0
       0
       0
       0
       0
       0
       0
       1
       0
       0
       0
       1
       0
       0
       0
       0
       0
       0
       0
       0
       0
       1
       0
       0
       0
       0
       1
       0
       1
       1
       0
       0
       0
       0
       0
       0
       0
       0
       0
       0
       0
       0
       0
       1
       0
       0
       0
       0
       0
       0
       0
       0
       0
       0
       0
       0
       0
       0
       0
       1
       0
       0
       0
       0
       0
       0
       0
       0
       0
       1
       0
       0
       0
       0
       0
       0
       0
       0
       0
       0
       0
       1
       0
       0
       0
       0
       0
       0
       1
       0
       0
       0
       0
       0
       0
       0
       0
       0
       1
       0
       0
       0
       0
       0
       0
       0
       0
       0
       0
       0
       0
       0
       0
       0
       0
       0
       0
       0
       0
       0
       0
       0
       0
       0
       0
       0
       0
       0
       0
       0
       0
       0
       0
       0
       0
       0
       1
       0
       0
       1
       0
       0
       0
       0
       0
       0
       0
       0
       0
       0
       0
       0
       0
       0
       0
       0
       0
       1
       0
       0
       0
       0
       0
       0
       0
       0
       0
       0
       0
       0
       0
       0
       0
       0
       0
       0
       0
       1
       0
       0
       0
       0
       0
       0
       0
       0
       0
       0
       0
       0
       1
       0
       0
       0
       0
       0
       0
       0
       0
       0
       0
       0
       0
       0
       0
       0
       0
       0
       0
       0
       0
       0
       0
       0
       0
       0
       0
       0
       0
       0
       0
       0
       0
       0
       0
       0
       0
       0
       0
       0
       0
       0
       0
       0
       0
       0
       0
       0
       1
       0
       0
       0
       0
       0
       0
       1
       0
       0
       0
       0
       0
       0
       0
       0
       0
       0
       0
       0
       0
       0
       0
       0
       0
       0
       0
       0
       0
       1
       0
       0
       0
       0
       0
       0
       0
       0
       0
       0
       0
       0
       0
       0
       0
       0
       0
       0
       0
       0
       0
       1
       0
       0
       0
       0
       0
       0
       0
       0
       0
$ROI:
0
$PRESETS:
None
0
0
$ENER_FIT:
-10.130505 2.230151
$MCA_CAL:
3
-1.013050E+001 2.230151E+000 -7.695740E-005 keV
$SHAPE_CAL:
3
6.128848E+000 7.994157E-002 -1.373380E-004
