$SPEC_ID:
No sample description was entered.
$SPEC_REM:
DET# 1
DETDESC# SPACESCIENCE4 digiBASE-RH SN 15121435
AP# Maestro Version 7.01
$DATE_MEA:
10/28/2025 11:15:09
$MEAS_TIM:
75 75
$DATA:
0 1023
       0
       0
       0
       0
       0
       0
       0
       0
       0
       0
       0
       0
       0
       0
       0
      51
    1038
    1565
    1207
    1053
     865
     888
    1094
    1484
    1961
    2497
    3043
    3710
    3958
    4099
    4114
    3598
    3183
    2602
    2019
    1381
     960
     651
     375
     241
     158
     115
      84
      64
      72
      51
      65
      65
      65
      63
      64
      52
      51
      58
      71
      60
      47
      42
      61
      52
      53
      50
      44
      38
      48
      43
      39
      47
      41
      40
      47
      32
      34
      34
      32
      40
      40
      32
      40
      30
      27
      27
      30
      25
      36
      32
      32
      33
      20
      22
      27
      31
      26
      23
      23
      29
      17
      21
      12
      22
      22
      19
      21
      25
      30
      15
      26
      17
      18
      26
      13
      18
      21
      15
      17
      16
      14
      14
      18
       9
      23
      13
      16
      17
      13
      14
      15
      13
      12
      12
      17
      10
      20
       8
      18
      10
      12
       9
       7
      14
       9
       7
      10
       7
       8
       9
       7
       8
       9
       2
      11
       7
       8
      11
      15
       8
       7
       6
      10
      12
      12
       4
       9
       6
       8
       3
       5
       2
       1
       6
       5
       4
       7
       9
       6
       6
       9
       6
       5
       3
       6
       6
       7
       6
       9
       5
       5
       4
       7
       2
       5
       5
       1
       6
       2
       7
       5
       4
       3
       5
       4
       6
       3
       3
       1
       4
       2
       4
       3
       6
       3
       6
       3
       4
       6
       5
       4
       3
       4
       7
       4
       6
       3
       7
       5
       2
       0
       4
       2
       2
       0
       3
       3
       3
       4
       2
       4
       0
       5
       4
       0
       3
       5
       2
       2
       2
       3
       2
       3
       6
       1
       2
       2
       1
       4
       2
       5
       8
       1
       1
       5
       1
       5
       0
       3
       6
       5
       2
       3
       1
       6
       1
       4
       4
       3
       0
       4
       1
       2
       1
       1
       1
       4
       2
       2
       4
       2
       2
       2
       1
       2
       0
       1
       2
       3
       6
       3
       5
       0
       2
       2
       4
       3
       1
       2
       1
       2
       4
       3
       4
       1
       1
       0
       3
       3
       5
       0
       1
       1
       2
       2
       0
       0
       1
       2
       1
       0
       2
       0
       1
       2
       0
       0
       1
       0
       1
       0
       2
       0
       0
       2
       1
       0
       1
       0
       5
       0
       1
       2
       1
       1
       0
       3
       5
       0
       2
       0
       2
       1
       4
       1
       2
       1
       1
       0
       1
       0
       3
       0
       1
       0
       4
       0
       1
       2
       0
       3
       0
       0
       2
       1
       1
       0
       2
       1
       4
       1
       1
       2
       1
       3
       0
       1
       2
       0
       1
       3
       1
       2
       0
       1
       0
       1
       2
       0
       0
       1
       2
       0
       1
       1
       2
       1
       0
       0
       2
       3
       0
       3
       1
       1
       1
       3
       1
       0
       2
       0
       3
       2
       1
       0
       1
       0
       2
       0
       1
       1
       2
       0
       0
       0
       0
       1
       0
       0
       0
       0
       1
       0
       2
       1
       0
       0
       0
       1
       1
       2
       2
       0
       2
       0
       0
       0
       0
       1
       1
       0
       1
       0
       0
       1
       1
       0
       1
       2
       1
       1
       2
       1
       0
       1
       0
       0
       2
       1
       3
       0
       2
       3
       0
       2
       0
       0
       0
       1
       2
       0
       0
       0
       1
       0
       2
       0
       0
       2
       0
       1
       2
       0
       0
       0
       1
       2
       2
       2
       2
       2
       0
       0
       0
       1
       0
       0
       0
       0
       0
       0
       0
       1
       1
       1
       1
       0
       0
       1
       1
       0
       0
       2
       1
       0
       1
       0
       0
       1
       0
       0
       0
       0
       0
       0
       1
       0
       0
       0
       0
       0
       0
       0
       1
       0
       0
       1
       2
       0
       0
       1
       0
       0
       1
       0
       0
       0
       1
       1
       1
       0
       0
       0
       1
       1
       1
       1
       0
       2
       0
       0
       0
       1
       2
       0
       2
       1
       0
       0
       0
       0
       2
       1
       0
       1
       1
       0
       0
       0
       1
       0
       1
       0
       0
       1
       0
       0
       0
       1
       1
       0
       1
       0
       0
       0
       1
       0
       0
       1
       0
       0
       0
       2
       0
       1
       1
       0
       1
       1
       0
       1
       1
       1
       1
       0
       0
       0
       0
       2
       0
       0
       0
       0
       0
       0
       2
       1
       1
       2
       0
       1
       0
       0
       1
       1
       1
       0
       0
       0
       0
       0
       0
       0
       4
       0
       1
       0
       0
       0
       0
       1
       0
       0
       0
       0
       0
       0
       0
       0
       1
       0
       1
       0
       0
       1
       0
       0
       1
       0
       0
       0
       0
       0
       0
       0
       0
       0
       0
       0
       0
       0
       0
       1
       1
       0
       1
       0
       0
       1
       0
       0
       1
       0
       0
       0
       0
       0
       1
       0
       0
       0
       0
       1
       0
       0
       0
       0
       1
       0
       0
       0
       0
       0
       0
       0
       0
       0
       0
       0
       0
       1
       1
       0
       0
       0
       0
       1
       0
       0
       0
       0
       0
       1
       0
       0
       0
       1
       1
       0
       1
       0
       0
       1
       0
       0
       0
       0
       0
       0
       0
       0
       1
       0
       1
       0
       0
       0
       0
       0
       1
       0
       0
       0
       0
       0
       0
       0
       0
       0
       1
       0
       0
       0
       0
       0
       0
       1
       0
       0
       0
       0
       0
       0
       0
       0
       0
       0
       0
       0
       0
       0
       0
       0
       0
       0
       0
       0
       0
       0
       0
       0
       0
       0
       0
       0
       0
       0
       0
       0
       0
       0
       0
       0
       1
       0
       0
       1
       0
       0
       0
       0
       0
       0
       0
       0
       0
       0
       0
       1
       0
       0
       0
       0
       0
       0
       0
       0
       1
       0
       0
       0
       0
       0
       0
       0
       0
       0
       0
       0
       1
       1
       1
       0
       0
       0
       0
       0
       0
       0
       0
       0
       0
       1
       0
       0
       0
       0
       0
       0
       0
       0
       0
       0
       0
       1
       0
       0
       0
       0
       0
       0
       1
       0
       0
       1
       0
       0
       0
       0
       0
       0
       0
       0
       0
       0
       0
       0
       0
       0
       0
       0
       1
       0
       0
       0
       0
       0
       0
       0
       0
       0
       0
       0
       0
       0
       0
       0
       0
       0
       0
       0
       1
       0
       0
       0
       0
       0
       0
       0
       0
       0
       0
       0
       0
       0
       0
       0
       1
       0
       0
       0
       0
       0
       0
       0
       0
       0
       0
       0
       0
       0
       0
       0
       0
       0
       0
       0
       0
       0
       0
       0
       0
       0
       0
       1
       0
       0
       0
       0
       0
       0
       0
       1
       0
       0
       0
       1
       1
       0
       0
       0
       0
       0
       0
       0
       0
       0
       0
       0
       0
       0
       0
       0
       0
       0
       0
       0
       0
$ROI:
0
$PRESETS:
None
0
0
$ENER_FIT:
-10.130505 2.230151
$MCA_CAL:
3
-1.013050E+001 2.230151E+000 -7.695740E-005 keV
$SHAPE_CAL:
3
6.128848E+000 7.994157E-002 -1.373380E-004
