$SPEC_ID:
No sample description was entered.
$SPEC_REM:
DET# 1
DETDESC# SPACESCIENCE4 digiBASE-RH SN 15121435
AP# Maestro Version 7.01
$DATE_MEA:
10/28/2025 11:10:42
$MEAS_TIM:
53 53
$DATA:
0 1023
       0
       0
       0
       0
       0
       0
       0
       0
       0
       0
       0
       0
       0
       0
       0
      24
     306
     534
     401
     310
     195
     131
      83
      70
      59
      75
      87
      96
      96
      81
     108
     116
      97
     170
     187
     182
     189
     212
     212
     211
     223
     226
     206
     170
     161
     132
     113
      98
      84
      79
      68
      75
      69
      67
      80
      73
      96
      71
      81
      57
      63
      80
      81
      71
      64
      79
      74
      65
      65
      69
      62
      91
      61
      80
      76
      81
      77
      70
      77
      70
      69
      75
      65
      77
      55
      72
      58
      48
      56
      54
      55
      45
      50
      59
      58
      49
      63
      45
      46
      60
      47
      45
      46
      39
      39
      44
      41
      33
      45
      40
      27
      44
      38
      40
      29
      39
      36
      38
      32
      43
      42
      46
      50
      53
      38
      47
      48
      34
      42
      56
      44
      48
      51
      57
      43
      50
      52
      63
      47
      59
      54
      43
      42
      50
      56
      42
      53
      67
      52
      73
      71
      62
      59
      66
      75
      84
      90
      88
      93
      86
      91
      97
      80
      74
      75
      80
      67
      70
      61
      57
      56
      54
      59
      42
      43
      42
      43
      34
      30
      28
      24
      27
      17
      23
      25
      14
      10
      14
       9
       9
       9
      10
       7
       5
       9
       4
       5
      10
       9
       3
       5
       4
       6
       2
       5
       1
       2
       3
       2
       2
       1
       5
       2
       2
       5
       7
       0
       1
       1
       5
       3
       2
       3
       2
       2
       2
       1
       4
       3
       3
       3
       3
       3
       2
       3
       4
       3
       1
       1
       2
       0
       4
       1
       3
       4
       1
       1
       2
       1
       5
       2
       1
       2
       2
       4
       4
       0
       0
       2
       1
       0
       1
       1
       1
       2
       1
       1
       1
       0
       0
       3
       1
       0
       2
       0
       1
       1
       0
       2
       2
       0
       1
       3
       2
       1
       1
       3
       3
       0
       2
       1
       2
       1
       1
       1
       2
       0
       0
       1
       1
       1
       3
       0
       2
       4
       1
       1
       1
       1
       1
       0
       0
       2
       0
       2
       0
       2
       3
       0
       1
       1
       2
       0
       1
       0
       0
       1
       2
       1
       0
       1
       1
       1
       0
       2
       1
       3
       1
       2
       3
       1
       1
       1
       0
       0
       4
       3
       1
       2
       0
       2
       1
       0
       0
       1
       3
       1
       0
       0
       2
       2
       0
       2
       2
       0
       1
       1
       1
       0
       2
       1
       2
       0
       0
       0
       0
       0
       2
       0
       2
       1
       0
       2
       1
       1
       1
       0
       0
       0
       1
       3
       0
       0
       1
       0
       1
       0
       2
       0
       0
       0
       1
       1
       0
       1
       0
       1
       0
       0
       0
       0
       1
       0
       0
       0
       0
       1
       2
       1
       0
       0
       0
       1
       2
       1
       1
       0
       1
       0
       1
       0
       1
       1
       1
       1
       0
       0
       0
       2
       1
       2
       1
       0
       1
       0
       1
       0
       0
       1
       2
       1
       0
       0
       1
       1
       0
       1
       1
       0
       2
       0
       0
       1
       0
       1
       1
       2
       1
       2
       0
       0
       1
       0
       2
       0
       2
       1
       0
       0
       1
       0
       0
       1
       1
       0
       0
       1
       1
       1
       2
       1
       2
       1
       0
       0
       0
       0
       1
       0
       0
       0
       0
       0
       0
       0
       0
       0
       0
       0
       1
       0
       1
       0
       0
       1
       0
       1
       0
       0
       0
       1
       0
       2
       1
       0
       1
       0
       0
       0
       2
       0
       0
       0
       1
       1
       1
       1
       0
       0
       1
       1
       0
       0
       0
       3
       0
       1
       0
       0
       0
       1
       2
       0
       0
       0
       0
       0
       1
       0
       1
       1
       0
       1
       0
       0
       0
       0
       0
       0
       1
       1
       0
       0
       0
       0
       0
       0
       0
       0
       0
       0
       0
       1
       0
       0
       0
       0
       0
       0
       2
       0
       1
       1
       0
       1
       0
       0
       1
       1
       0
       0
       0
       0
       0
       0
       0
       0
       3
       0
       0
       1
       1
       2
       1
       2
       2
       2
       1
       0
       1
       0
       0
       0
       1
       0
       1
       1
       2
       1
       1
       1
       1
       2
       0
       0
       2
       0
       0
       0
       1
       0
       1
       0
       0
       0
       0
       1
       0
       2
       0
       0
       0
       2
       1
       0
       0
       1
       0
       0
       1
       0
       0
       0
       1
       0
       0
       0
       0
       0
       0
       0
       1
       0
       0
       0
       1
       0
       1
       0
       0
       0
       1
       0
       0
       0
       0
       0
       0
       0
       0
       0
       0
       0
       1
       0
       0
       0
       0
       0
       1
       0
       0
       0
       1
       0
       0
       0
       0
       0
       1
       0
       1
       0
       0
       0
       0
       0
       0
       0
       0
       0
       0
       0
       0
       0
       0
       0
       0
       0
       0
       0
       0
       0
       0
       1
       0
       1
       0
       0
       0
       0
       0
       0
       0
       0
       0
       0
       0
       0
       0
       0
       0
       0
       0
       0
       0
       0
       0
       0
       0
       0
       1
       0
       0
       0
       0
       0
       0
       0
       0
       0
       0
       0
       0
       0
       0
       0
       0
       0
       0
       0
       0
       2
       0
       0
       0
       0
       0
       0
       0
       0
       0
       0
       0
       0
       1
       0
       0
       0
       0
       0
       0
       0
       0
       1
       0
       0
       0
       0
       0
       0
       0
       0
       0
       0
       0
       1
       0
       0
       1
       0
       0
       0
       0
       0
       0
       0
       0
       0
       1
       0
       0
       0
       0
       0
       0
       0
       0
       0
       0
       1
       0
       0
       1
       0
       0
       1
       0
       0
       0
       0
       0
       1
       0
       0
       0
       0
       0
       0
       0
       0
       0
       0
       0
       0
       0
       0
       0
       0
       0
       0
       0
       0
       0
       0
       0
       0
       0
       0
       0
       0
       1
       0
       0
       0
       0
       0
       0
       0
       0
       0
       0
       0
       0
       0
       0
       0
       0
       0
       0
       0
       0
       0
       0
       0
       0
       0
       0
       0
       0
       0
       0
       0
       0
       0
       0
       0
       0
       0
       0
       0
       0
       0
       0
       0
       0
       0
       0
       1
       0
       0
       0
       0
       1
       0
       0
       0
       0
       0
       0
       0
       0
       1
       0
       0
       0
       0
       0
       0
       0
       0
       0
       0
       0
       0
       0
       0
       0
       0
       0
       0
       0
       0
       0
       0
       0
       0
       0
       0
       0
       0
       0
       0
       0
       0
       0
       0
       0
       0
       1
       0
       0
       1
       0
       0
       1
       0
       0
       0
       0
       0
       0
       0
       0
       0
       0
       0
       0
       0
       0
       0
       0
       0
       0
       0
       0
       0
       0
       0
       0
       0
       0
       0
       0
       0
       0
       0
       0
       0
       0
       0
       0
       0
       0
$ROI:
0
$PRESETS:
None
0
0
$ENER_FIT:
-10.130505 2.230151
$MCA_CAL:
3
-1.013050E+001 2.230151E+000 -7.695740E-005 keV
$SHAPE_CAL:
3
6.128848E+000 7.994157E-002 -1.373380E-004
