$SPEC_ID:
No sample description was entered.
$SPEC_REM:
DET# 1
DETDESC# SPACESCIENCE4 digiBASE-RH SN 15121435
AP# Maestro Version 7.01
$DATE_MEA:
10/28/2025 11:12:37
$MEAS_TIM:
100 100
$DATA:
0 1023
       0
       0
       0
       0
       0
       0
       0
       0
       0
       0
       0
       0
       0
       0
       0
       0
      22
      34
      35
      31
      37
      26
      34
      18
      38
      25
      50
      53
      66
      45
      56
      52
      45
      54
      57
      57
      61
      76
      68
      82
      72
      63
      87
      69
      74
      69
      77
      80
      68
      80
      65
      65
      82
      74
      61
      62
      71
      64
      77
      61
      69
      65
      67
      58
      73
      46
      56
      56
      50
      57
      58
      51
      52
      43
      52
      43
      42
      43
      51
      34
      33
      53
      38
      39
      30
      27
      49
      36
      41
      34
      37
      39
      32
      37
      35
      33
      24
      33
      31
      22
      27
      35
      23
      20
      42
      31
      27
      18
      25
      26
      26
      38
      31
      13
      25
      16
      22
      19
      19
      19
      17
      21
      27
      22
      16
      13
      18
      17
      17
      14
      18
      16
      21
      19
      14
      13
      10
      14
      16
      20
      17
      20
      18
      12
       7
       9
      12
      14
      10
       9
       9
      13
       9
      13
       6
      15
      13
      10
       3
      10
      11
       5
       8
       7
      10
      13
      15
       7
       6
       8
      11
       5
      14
       5
      11
      10
       4
       3
      12
       7
       6
       8
       7
       3
       4
       5
       7
       7
       7
       8
       6
       6
       5
       1
       6
       7
       7
       2
       2
       1
       9
       2
       2
       9
       6
       5
       3
       9
       7
       6
       3
       8
       7
       4
      14
      10
       1
       6
       4
       7
       5
       5
       5
       5
       8
       9
       5
       1
       3
       9
       3
       6
       3
       4
       4
       3
       1
       2
       6
       1
       2
       1
       4
       4
       5
       2
       5
       2
       3
       3
       5
       6
       3
       8
       4
       7
       2
       4
       6
       4
       5
       2
       3
       2
       4
       2
       3
       6
       5
       4
       2
       3
       3
       4
       1
       2
       2
       2
       1
       4
       1
       1
       2
       3
       3
       4
       2
       2
       4
       2
       2
       4
       1
       7
       2
       2
       3
       4
       5
       0
       2
       2
       1
       2
       5
       0
       5
       2
       2
       1
       2
       2
       2
       1
       3
       4
       1
       0
       3
       2
       2
       2
       3
       2
       2
       0
       2
       1
       4
       1
       1
       6
       1
       5
       1
       0
       2
       2
       3
       1
       0
       0
       2
       2
       1
       3
       1
       3
       2
       3
       2
       2
       2
       2
       1
       0
       0
       0
       0
       2
       2
       3
       1
       3
       1
       0
       0
       0
       2
       2
       3
       4
       5
       0
       3
       2
       0
       0
       4
       2
       1
       2
       3
       1
       2
       0
       0
       1
       0
       2
       0
       0
       0
       1
       1
       2
       1
       2
       1
       2
       2
       0
       4
       0
       2
       1
       3
       1
       1
       1
       5
       2
       3
       3
       1
       0
       1
       2
       4
       1
       1
       1
       4
       1
       2
       1
       1
       0
       2
       4
       0
       2
       0
       1
       2
       1
       1
       1
       0
       0
       1
       2
       2
       1
       0
       2
       3
       1
       3
       1
       0
       1
       0
       1
       3
       3
       4
       2
       1
       0
       1
       0
       0
       2
       0
       3
       3
       1
       2
       1
       1
       0
       0
       1
       2
       0
       0
       2
       0
       3
       0
       2
       0
       1
       0
       0
       0
       2
       2
       1
       5
       1
       2
       1
       0
       0
       0
       0
       0
       2
       2
       2
       1
       1
       0
       0
       1
       0
       0
       0
       2
       1
       2
       1
       0
       1
       1
       3
       1
       0
       0
       2
       4
       0
       1
       1
       0
       3
       1
       1
       0
       1
       1
       0
       0
       0
       1
       0
       1
       1
       0
       0
       0
       0
       0
       0
       1
       2
       1
       0
       1
       0
       0
       0
       0
       0
       0
       1
       0
       1
       1
       0
       1
       1
       1
       1
       1
       1
       2
       0
       1
       0
       0
       0
       0
       1
       0
       2
       1
       1
       0
       0
       1
       0
       1
       0
       1
       2
       0
       2
       0
       1
       1
       5
       2
       1
       1
       1
       0
       2
       0
       2
       0
       0
       1
       0
       2
       1
       0
       1
       1
       1
       1
       1
       1
       2
       2
       2
       2
       1
       1
       1
       1
       2
       1
       1
       0
       2
       1
       1
       3
       1
       0
       1
       4
       0
       0
       4
       1
       1
       0
       1
       0
       4
       0
       2
       1
       2
       1
       0
       1
       1
       1
       1
       1
       1
       2
       1
       1
       0
       2
       3
       1
       1
       0
       0
       1
       2
       0
       0
       0
       1
       0
       0
       2
       1
       0
       0
       0
       0
       0
       0
       0
       0
       1
       0
       0
       0
       0
       0
       1
       2
       0
       1
       0
       0
       0
       0
       1
       0
       0
       1
       0
       0
       0
       0
       0
       1
       1
       0
       0
       0
       0
       1
       0
       1
       0
       0
       0
       1
       1
       0
       0
       0
       1
       0
       0
       0
       0
       0
       2
       0
       0
       0
       0
       0
       1
       2
       0
       0
       0
       1
       0
       0
       0
       0
       1
       0
       0
       0
       1
       0
       1
       1
       0
       1
       0
       0
       0
       0
       0
       0
       1
       0
       0
       0
       0
       0
       0
       1
       0
       0
       0
       1
       0
       0
       0
       0
       0
       0
       0
       0
       0
       0
       0
       0
       0
       0
       0
       0
       0
       0
       0
       0
       0
       0
       0
       0
       0
       1
       0
       0
       0
       0
       0
       0
       0
       0
       1
       0
       0
       0
       0
       0
       1
       1
       1
       0
       0
       0
       0
       0
       0
       0
       0
       0
       0
       0
       0
       0
       0
       0
       1
       0
       1
       0
       1
       0
       0
       0
       0
       0
       0
       0
       0
       0
       0
       0
       1
       0
       0
       0
       0
       0
       0
       0
       0
       0
       0
       0
       1
       0
       0
       0
       0
       0
       0
       0
       0
       0
       0
       0
       0
       0
       0
       0
       0
       0
       0
       0
       0
       0
       0
       0
       0
       1
       0
       0
       1
       0
       1
       0
       0
       0
       0
       0
       0
       0
       0
       0
       0
       0
       0
       0
       0
       2
       0
       0
       1
       0
       0
       0
       0
       0
       1
       0
       0
       0
       0
       0
       0
       0
       0
       0
       0
       0
       1
       0
       0
       0
       0
       0
       1
       0
       0
       1
       0
       0
       0
       0
       0
       0
       0
       0
       0
       0
       0
       0
       0
       0
       0
       0
       0
       0
       0
       1
       0
       0
       0
       0
       0
       0
       0
       0
       0
       0
       0
       0
       0
       0
       1
       0
       0
       0
       0
       0
       0
       0
       0
       0
       1
       0
       0
       0
       0
       0
       1
       0
       0
       0
       0
       0
       0
       0
       0
       0
       0
       0
       0
       0
       0
       0
       0
       0
       0
       0
       0
       0
       0
       0
       0
       0
       0
       0
       0
       0
       0
       0
       1
       0
       0
       0
       0
       0
$ROI:
0
$PRESETS:
None
0
0
$ENER_FIT:
-10.130505 2.230151
$MCA_CAL:
3
-1.013050E+001 2.230151E+000 -7.695740E-005 keV
$SHAPE_CAL:
3
6.128848E+000 7.994157E-002 -1.373380E-004
