$SPEC_ID:
No sample description was entered.
$SPEC_REM:
DET# 1
DETDESC# SPACESCIENCE4 digiBASE-RH SN 15121435
AP# Maestro Version 7.01
$DATE_MEA:
10/21/2025 12:49:23
$MEAS_TIM:
220 220
$DATA:
0 1023
       0
       0
       0
       0
       0
       0
       0
       0
       0
       0
       0
       0
       0
       0
       0
       4
      48
      84
      75
      62
      48
      60
      51
      70
      79
      81
      82
      95
     109
      89
     114
     110
     123
     172
     142
     168
     138
     157
     180
     153
     169
     164
     165
     184
     148
     187
     160
     163
     155
     161
     161
     144
     161
     135
     147
     164
     138
     145
     125
     139
     138
     133
     145
     125
     122
     125
     146
     117
     108
     131
      93
     106
     113
     110
      91
     109
      86
     110
     111
     104
     114
      86
     107
      87
      86
      67
      91
      87
      82
      86
      74
      77
      89
      75
      73
      97
      77
      69
      83
      84
      77
      73
      58
      60
      67
      67
      64
      63
      56
      61
      57
      51
      60
      48
      56
      53
      48
      53
      42
      48
      38
      48
      47
      48
      45
      39
      32
      50
      43
      34
      26
      34
      38
      47
      26
      39
      37
      34
      30
      27
      36
      27
      28
      34
      29
      28
      31
      28
      37
      30
      27
      31
      38
      27
      25
      31
      22
      34
      22
      38
      20
      13
      19
      30
      25
      21
      24
      21
      23
      22
      19
      21
      17
      19
      18
      11
      28
      12
      23
      15
      17
      14
      14
      15
      23
      15
      18
      21
      14
      14
      19
      17
      21
      14
      11
      14
      11
      16
      13
       8
      10
      18
       8
      15
      15
      14
       5
      13
       8
      17
      16
      12
       8
      18
      15
       7
       7
      10
      17
       9
       9
       8
      14
      11
      13
      10
       9
       5
      16
      19
      10
      13
      15
      11
      16
       7
       6
      12
       9
      16
      13
      11
      11
       8
      10
       9
      11
      12
       9
       9
      12
      14
      11
       6
      13
      14
      13
       2
       9
      12
      14
      15
       8
      10
      11
       9
      12
       5
       9
      12
      12
      11
       9
      13
       5
      12
       7
       5
      14
      14
      11
       7
      11
      11
       6
       5
       9
      12
      14
       6
       8
       6
       5
      10
      10
       6
       5
       6
       9
       7
       4
       5
       5
       6
       9
       5
       4
       7
       7
       7
      11
       5
       5
       4
       4
       2
       6
       6
       5
       6
      10
       7
       9
       3
       7
       2
       7
       3
       4
       5
       9
       7
       5
       6
       4
      11
       9
       5
       8
       8
       4
       7
       8
      12
       4
       7
       4
       3
       3
      10
       5
       6
       5
       0
       1
       3
       6
       6
       9
       6
       8
      11
       7
       6
       5
       7
       4
       4
       9
       3
       1
       5
       4
       8
       9
       3
       5
      10
       4
      10
       3
       3
       5
       3
       5
       5
       6
       3
       7
       7
       6
       5
       3
       7
       6
       3
       7
       6
       6
       7
       1
       3
       4
       4
       2
       2
       4
       8
       9
       6
       5
       2
       2
       4
       4
       6
       3
       5
       3
       5
      11
       6
       3
      10
       6
       3
      10
       4
       8
       6
       8
       5
       6
       2
       3
      10
       2
       4
       6
       2
       2
       6
       2
       6
       5
       4
       3
       4
       8
       2
       5
       5
       4
       8
       2
       3
       2
       2
       3
       4
       7
       2
       4
       4
       6
       6
       2
       4
       6
       6
       3
       5
       7
       5
       8
       6
       0
       6
       3
       6
       6
       5
       2
       2
       9
       2
       6
       6
       8
       8
       5
       5
       5
      16
       4
       8
       6
       3
      10
       6
       4
       5
       6
       3
       4
       4
       9
       8
       6
       7
       4
       5
       7
       4
       5
       8
       3
       4
       4
       4
       1
       4
       5
       4
       4
       5
       9
       0
       1
       4
       2
       2
       5
       3
       2
       5
       9
       3
       2
       6
       2
       5
       3
       6
       1
       3
       5
       4
       3
       3
       6
       6
       3
       4
       3
       5
       2
       5
      10
       3
       5
       7
       5
       1
       2
       4
       6
       6
       3
       7
       5
       4
       5
       4
       2
       4
       7
       1
       5
       6
       3
       5
       2
       3
       6
       4
       2
       2
       2
       0
       4
       3
       3
       4
       0
       1
       4
       5
       2
       3
       0
       3
       3
       1
       5
       3
       2
       3
       3
       1
       5
       6
       4
       3
       3
       0
       0
       3
       1
       2
       0
       2
       3
       1
       1
       0
       0
       0
       3
       1
       2
       0
       1
       2
       4
       1
       1
       3
       4
       3
       2
       1
       1
       1
       0
       0
       2
       0
       3
       2
       0
       1
       0
       0
       0
       1
       4
       2
       3
       1
       0
       1
       3
       2
       0
       4
       1
       1
       2
       0
       1
       1
       1
       0
       0
       1
       0
       1
       0
       1
       0
       0
       0
       2
       1
       0
       0
       0
       3
       1
       0
       1
       0
       3
       0
       0
       0
       0
       0
       0
       0
       1
       0
       0
       2
       2
       1
       3
       0
       1
       2
       0
       0
       0
       2
       0
       1
       1
       2
       0
       3
       0
       0
       1
       0
       0
       0
       0
       0
       0
       0
       1
       0
       0
       0
       0
       0
       0
       0
       1
       0
       1
       0
       1
       0
       0
       0
       0
       0
       2
       1
       0
       0
       0
       0
       0
       0
       1
       0
       0
       0
       2
       0
       1
       0
       0
       0
       2
       1
       0
       2
       0
       1
       0
       1
       0
       0
       0
       0
       0
       1
       0
       0
       0
       0
       0
       0
       0
       0
       0
       1
       0
       0
       0
       0
       0
       0
       0
       0
       0
       0
       1
       0
       0
       1
       1
       0
       0
       1
       1
       0
       0
       1
       0
       0
       0
       0
       0
       0
       0
       0
       0
       1
       0
       0
       0
       0
       0
       0
       0
       1
       1
       1
       1
       0
       0
       0
       2
       1
       0
       0
       1
       0
       1
       1
       0
       0
       2
       1
       0
       1
       0
       0
       0
       1
       0
       0
       0
       0
       0
       0
       1
       0
       1
       0
       0
       1
       0
       0
       0
       0
       1
       0
       1
       0
       0
       0
       0
       0
       0
       1
       0
       1
       0
       0
       0
       0
       0
       0
       0
       0
       0
       0
       1
       0
       0
       0
       0
       0
       0
       0
       0
       0
       0
       0
       0
       0
       0
       0
       0
       0
       0
       0
       0
       0
       0
       0
       0
       0
       0
       0
       0
       0
       0
       0
       0
       0
       1
       0
       0
       0
       0
       0
       2
       0
       0
       0
       0
       0
       0
       0
       1
       0
       1
       0
       1
       0
       0
       0
       1
       0
       0
       1
       1
       0
       0
       0
       0
       0
       1
       0
       1
       0
       0
       0
       0
       0
       0
       0
       0
       0
       0
       1
       0
       0
       0
       0
       0
       0
       0
       0
       0
       0
       1
       0
       0
       0
       0
       1
       0
       0
       0
       0
       0
       0
       0
       0
       0
       0
       0
       0
       0
       0
       0
       1
       0
       0
       0
       0
       0
       0
       0
       1
       0
       0
       0
       0
       0
       0
       0
       0
       0
       1
       1
$ROI:
0
$PRESETS:
None
0
0
$ENER_FIT:
-10.130505 2.230151
$MCA_CAL:
3
-1.013050E+001 2.230151E+000 -7.695740E-005 keV
$SHAPE_CAL:
3
6.128848E+000 7.994157E-002 -1.373380E-004
