$SPEC_ID:
No sample description was entered.
$SPEC_REM:
DET# 1
DETDESC# SPACESCIENCE4 digiBASE-RH SN 15121435
AP# Maestro Version 7.01
$DATE_MEA:
10/21/2025 12:41:47
$MEAS_TIM:
95 95
$DATA:
0 1023
       0
       0
       0
       0
       0
       0
       0
       0
       0
       0
       0
       0
       0
       0
       0
      15
     417
     638
     573
     470
     373
     290
     255
     232
     196
     209
     231
     209
     249
     228
     252
     257
     261
     255
     270
     268
     283
     275
     266
     300
     305
     319
     327
     351
     303
     350
     341
     327
     344
     324
     348
     330
     326
     357
     368
     364
     377
     369
     358
     326
     381
     361
     359
     374
     353
     354
     360
     367
     381
     375
     337
     324
     343
     372
     356
     361
     384
     359
     399
     379
     386
     393
     391
     372
     418
     429
     388
     435
     436
     413
     412
     443
     407
     408
     407
     376
     371
     403
     359
     386
     362
     375
     351
     367
     355
     370
     344
     338
     356
     348
     314
     348
     332
     338
     287
     277
     286
     295
     299
     286
     309
     289
     290
     294
     293
     291
     255
     312
     249
     259
     265
     229
     263
     244
     232
     253
     231
     249
     238
     220
     242
     223
     223
     211
     206
     217
     224
     231
     232
     201
     216
     218
     174
     213
     200
     174
     225
     190
     217
     229
     205
     212
     207
     234
     220
     174
     191
     185
     196
     212
     203
     210
     224
     180
     180
     169
     198
     170
     195
     185
     193
     189
     189
     199
     190
     213
     177
     198
     184
     168
     172
     191
     141
     165
     171
     164
     163
     161
     152
     154
     133
     146
     133
     131
     120
     141
      87
     100
     101
      85
      94
     113
     100
      81
      95
      71
      76
      84
      87
      69
      78
      60
      52
      56
      49
      42
      69
      48
      42
      40
      49
      31
      44
      45
      56
      49
      47
      37
      46
      34
      33
      41
      42
      41
      38
      27
      45
      31
      47
      37
      42
      38
      52
      44
      53
      60
      76
      82
      79
      92
      81
     100
     108
     147
     132
     149
     201
     181
     207
     238
     249
     285
     298
     318
     336
     359
     365
     413
     425
     407
     438
     440
     466
     477
     507
     484
     504
     502
     530
     464
     470
     517
     472
     483
     446
     446
     448
     397
     369
     370
     341
     371
     333
     302
     279
     310
     282
     244
     214
     260
     214
     192
     182
     162
     162
     147
     124
     119
     131
     127
     105
      90
      81
      81
      98
      76
      69
      61
      90
      81
      68
      56
      61
      54
      52
      41
      32
      34
      30
      30
      26
      32
      22
      27
      23
      17
      20
      11
      18
      10
      17
      11
      18
       8
       6
       7
       8
       8
       8
       5
       2
       8
       6
       8
       4
       3
       2
       0
       4
       2
       1
       4
       4
       0
       2
       0
       4
       4
       3
       0
       2
       2
       2
       2
       1
       1
       1
       2
       2
       3
       3
       3
       1
       2
       3
       1
       1
       0
       4
       2
       0
       4
       2
       2
       2
       0
       6
       1
       1
       0
       1
       2
       0
       2
       0
       1
       2
       2
       3
       0
       2
       1
       0
       2
       0
       4
       1
       4
       0
       1
       0
       0
       0
       1
       0
       2
       2
       2
       1
       0
       0
       1
       1
       1
       0
       1
       0
       2
       1
       2
       1
       0
       2
       5
       1
       0
       6
       1
       1
       0
       1
       1
       0
       0
       2
       0
       1
       0
       0
       0
       0
       0
       0
       1
       0
       4
       0
       1
       1
       4
       0
       1
       0
       0
       1
       0
       1
       2
       2
       1
       3
       1
       0
       1
       3
       0
       0
       0
       3
       0
       3
       1
       2
       1
       1
       0
       0
       1
       0
       0
       1
       2
       1
       3
       1
       0
       0
       1
       1
       1
       0
       1
       1
       2
       0
       3
       0
       1
       1
       0
       1
       0
       0
       0
       1
       0
       0
       0
       1
       4
       0
       0
       0
       1
       0
       0
       1
       1
       0
       0
       2
       1
       1
       2
       0
       0
       0
       0
       1
       1
       1
       1
       0
       0
       3
       0
       1
       1
       0
       0
       2
       0
       0
       0
       1
       0
       0
       1
       0
       0
       1
       0
       1
       3
       0
       0
       1
       1
       1
       1
       0
       0
       1
       1
       0
       0
       6
       0
       0
       0
       1
       1
       2
       0
       0
       0
       1
       0
       1
       0
       2
       1
       1
       1
       1
       0
       0
       0
       0
       3
       0
       1
       0
       1
       1
       2
       0
       0
       0
       0
       4
       0
       0
       0
       3
       2
       2
       0
       1
       0
       1
       1
       0
       2
       1
       1
       0
       1
       0
       0
       1
       1
       1
       0
       0
       0
       1
       0
       0
       1
       0
       0
       0
       2
       0
       1
       1
       0
       0
       2
       1
       0
       3
       0
       0
       1
       0
       1
       0
       1
       0
       0
       0
       1
       0
       3
       0
       0
       0
       0
       0
       1
       0
       0
       1
       1
       0
       1
       0
       0
       1
       1
       2
       0
       0
       1
       0
       1
       1
       0
       1
       0
       1
       0
       0
       0
       1
       0
       0
       0
       1
       0
       0
       0
       0
       0
       0
       0
       0
       0
       0
       1
       0
       1
       1
       0
       0
       0
       0
       1
       0
       1
       0
       0
       0
       0
       1
       0
       0
       0
       0
       0
       0
       0
       1
       1
       0
       0
       0
       1
       0
       0
       0
       0
       0
       0
       0
       0
       1
       0
       0
       0
       0
       0
       0
       0
       0
       1
       0
       0
       0
       0
       1
       1
       0
       0
       0
       1
       1
       0
       0
       1
       0
       0
       0
       0
       0
       0
       0
       0
       0
       0
       0
       0
       0
       0
       1
       0
       0
       0
       0
       0
       0
       0
       1
       0
       0
       0
       0
       0
       1
       0
       0
       0
       0
       0
       0
       0
       0
       0
       0
       0
       0
       0
       0
       0
       0
       1
       0
       0
       0
       0
       0
       0
       0
       0
       0
       0
       0
       0
       0
       0
       0
       0
       0
       0
       0
       0
       0
       0
       0
       0
       1
       0
       0
       0
       0
       1
       0
       0
       0
       0
       0
       0
       0
       0
       0
       0
       0
       0
       0
       0
       1
       0
       0
       0
       0
       0
       0
       0
       0
       0
       0
       0
       0
       0
       0
       0
       0
       0
       0
       0
       0
       0
       0
       0
       0
       0
       0
       1
       0
       0
       1
       0
       0
       0
       0
       0
       0
       0
       0
       0
       0
       0
       0
       0
       1
       0
       0
       0
       0
       0
       0
       0
       0
       0
       0
       0
       0
       0
       0
       0
       0
       0
       0
       0
       0
       0
       0
       0
       0
       1
       0
       0
       0
       0
       0
       0
       0
       0
       0
       0
       0
       0
       0
       0
       0
       0
       0
       0
       0
       0
       0
       0
       0
       0
       0
       0
       0
       0
       0
       0
       0
       0
       0
       0
       0
       0
       0
       1
       1
       0
       0
       0
       0
       0
       0
       0
       0
       0
       0
       1
       0
       0
       0
       0
       0
       0
       0
       0
       0
       0
       0
       0
       0
       0
       0
       0
       0
       0
       0
       0
       0
       0
$ROI:
0
$PRESETS:
None
0
0
$ENER_FIT:
-10.130505 2.230151
$MCA_CAL:
3
-1.013050E+001 2.230151E+000 -7.695740E-005 keV
$SHAPE_CAL:
3
6.128848E+000 7.994157E-002 -1.373380E-004
