$SPEC_ID:
No sample description was entered.
$SPEC_REM:
DET# 2
DETDESC# SPACESCIENCE8 digiBASE-RH SN 15121449
AP# Maestro Version 7.01
$DATE_MEA:
11/03/2025 14:24:29
$MEAS_TIM:
55 55
$DATA:
0 1023
       0
       0
       0
       0
       0
       0
       0
       0
       0
       0
      76
     750
     891
    1010
    1257
    1628
    2297
    2891
    3690
    4381
    5202
    5693
    6056
    6246
    5964
    5521
    4965
    4132
    3441
    2621
    1941
    1411
    1017
     720
     445
     317
     221
     147
     114
      93
      53
      58
      72
      64
      41
      43
      65
      37
      48
      47
      37
      32
      32
      37
      48
      49
      41
      38
      35
      31
      34
      35
      37
      31
      30
      29
      35
      27
      22
      26
      25
      33
      26
      28
      26
      22
      23
      25
      28
      25
      23
      16
      20
      30
      25
      24
      26
      22
      19
      23
      25
      25
      20
      22
      22
      18
      20
      21
      24
      12
      16
      12
      10
      16
      17
      15
      15
      14
      11
      11
      11
      23
      16
       8
      13
      15
      11
      19
      11
      12
      12
      13
      18
       8
      13
      15
      13
      12
      10
      12
       7
      11
      13
      11
       6
       5
      17
       6
      17
      16
      13
      10
      12
      12
      13
       5
       5
       9
      15
      12
      11
       4
      10
       9
       9
       9
       8
       7
       7
       7
       7
       3
       7
       7
       8
       5
      13
       5
       6
       9
       3
       6
       4
       2
       6
       4
       4
       4
       5
       8
       0
       3
       4
       5
       9
       2
       7
       6
       5
       4
       4
       9
       8
       7
       6
       3
       7
       5
       6
       6
       4
       4
       1
      11
       3
       5
       4
       8
       5
       2
       4
       4
       5
       2
       4
       4
       6
       4
       3
       5
       6
       5
       4
       4
       7
       7
       2
       6
       5
       4
       2
       2
       4
       4
       2
       8
       4
       3
       4
       1
       5
       4
       7
       2
       5
       7
       1
       5
       3
       5
       7
       2
       5
       3
       1
       8
       2
       5
       4
       4
      10
       5
       7
       5
       4
       6
       4
       6
       9
       6
       4
       4
       5
      11
       4
       1
       7
       5
       4
       3
       2
      11
       2
       5
       1
       5
       6
       5
       5
       5
       6
       5
       3
       6
       5
       8
       4
       8
       1
       4
       6
       3
       5
       3
       4
       2
       4
       2
       3
       4
       4
       2
       3
       2
       2
       2
       2
       4
       2
       2
       3
       1
       1
       0
       2
       3
       2
       1
       1
       2
       3
       0
       1
       3
       1
       0
       1
       2
       1
       1
       1
       4
       1
       0
       2
       1
       2
       3
       0
       0
       2
       2
       4
       1
       0
       1
       2
       2
       1
       2
       3
       3
       1
       2
       3
       2
       1
       2
       2
       1
       0
       2
       3
       1
       1
       2
       2
       0
       2
       0
       2
       1
       2
       1
       2
       1
       0
       0
       0
       1
       1
       1
       4
       2
       1
       1
       2
       2
       1
       2
       2
       2
       0
       1
       0
       2
       2
       4
       3
       1
       1
       2
       1
       2
       2
       1
       3
       2
       0
       2
       0
       2
       2
       1
       3
       1
       2
       3
       3
       1
       0
       2
       1
       0
       1
       2
       2
       0
       2
       1
       2
       0
       1
       1
       0
       2
       0
       1
       1
       1
       2
       1
       0
       1
       1
       1
       1
       1
       0
       2
       3
       0
       1
       3
       1
       0
       0
       0
       1
       0
       0
       2
       0
       3
       0
       1
       2
       0
       1
       2
       1
       0
       4
       1
       3
       0
       3
       3
       1
       1
       2
       0
       2
       1
       2
       2
       0
       0
       1
       2
       2
       2
       0
       0
       1
       0
       1
       0
       0
       0
       0
       0
       0
       2
       1
       2
       0
       0
       1
       1
       3
       1
       2
       1
       1
       0
       0
       4
       1
       1
       1
       2
       0
       0
       2
       1
       1
       0
       1
       0
       0
       0
       0
       3
       0
       2
       1
       0
       0
       0
       1
       1
       0
       2
       1
       2
       1
       0
       0
       1
       0
       3
       2
       0
       0
       1
       1
       0
       0
       0
       2
       1
       0
       0
       0
       0
       0
       4
       1
       0
       0
       0
       0
       0
       1
       1
       0
       0
       0
       2
       1
       0
       0
       1
       2
       1
       2
       1
       1
       0
       4
       2
       1
       0
       0
       1
       1
       0
       3
       2
       1
       2
       0
       0
       5
       1
       1
       1
       2
       1
       3
       1
       0
       1
       2
       0
       0
       1
       3
       2
       2
       1
       1
       4
       0
       6
       1
       3
       1
       1
       0
       1
       1
       1
       1
       3
       5
       1
       2
       0
       1
       4
       2
       1
       0
       1
       2
       1
       3
       3
       1
       1
       1
       2
       2
       0
       0
       3
       1
       1
       2
       2
       1
       0
       0
       1
       0
       2
       0
       1
       0
       2
       0
       0
       0
       0
       1
       1
       1
       2
       0
       0
       1
       0
       0
       0
       2
       0
       0
       1
       0
       1
       1
       1
       2
       0
       0
       0
       0
       0
       0
       0
       1
       0
       0
       1
       0
       0
       0
       0
       0
       0
       0
       0
       0
       0
       0
       1
       0
       0
       0
       1
       0
       0
       0
       0
       1
       0
       0
       0
       1
       0
       1
       0
       0
       1
       0
       1
       0
       0
       0
       0
       0
       1
       0
       0
       0
       0
       0
       0
       2
       0
       1
       0
       2
       0
       0
       0
       1
       1
       0
       1
       2
       1
       0
       0
       0
       0
       0
       1
       0
       0
       1
       0
       2
       0
       0
       0
       2
       0
       0
       0
       0
       0
       0
       0
       1
       0
       0
       0
       0
       0
       0
       0
       0
       0
       0
       0
       0
       1
       1
       0
       1
       0
       0
       1
       0
       0
       1
       0
       1
       0
       0
       0
       2
       0
       0
       1
       1
       1
       0
       0
       0
       0
       1
       1
       1
       0
       0
       1
       0
       0
       0
       0
       0
       0
       0
       0
       0
       1
       0
       0
       1
       0
       0
       0
       0
       1
       0
       0
       0
       0
       0
       0
       0
       0
       0
       1
       0
       0
       0
       0
       0
       0
       0
       0
       0
       0
       0
       0
       0
       0
       0
       0
       0
       1
       0
       0
       0
       0
       0
       0
       1
       0
       2
       0
       0
       0
       0
       0
       0
       0
       0
       0
       0
       0
       0
       0
       0
       0
       0
       0
       0
       2
       0
       0
       0
       1
       0
       0
       0
       1
       0
       0
       0
       0
       0
       0
       0
       0
       0
       1
       0
       0
       0
       0
       0
       0
       1
       0
       0
       0
       0
       0
       0
       0
       0
       0
       0
       0
       0
       0
       0
       0
       0
       0
       0
       0
       0
       0
       0
       0
       0
       0
       0
       0
       1
       1
       2
       0
       0
       0
       0
       0
       1
       0
       1
       0
       0
       0
       0
       1
       0
       0
       1
       1
       0
       0
       0
       0
       0
       0
       0
       0
       0
       0
       0
       0
       1
       0
       0
       0
       0
       0
       0
       0
       0
       0
       0
       0
       0
       0
       0
       0
       0
       0
       0
       0
       0
       0
       0
       0
       0
       0
$ROI:
0
$PRESETS:
None
0
0
$ENER_FIT:
0.000000 2.205567
$MCA_CAL:
3
0.000000E+000 2.205567E+000 0.000000E+000 keV
$SHAPE_CAL:
3
0.000000E+000 0.000000E+000 0.000000E+000
