$SPEC_ID:
No sample description was entered.
$SPEC_REM:
DET# 2
DETDESC# SPACESCIENCE8 digiBASE-RH SN 15121449
AP# Maestro Version 7.01
$DATE_MEA:
11/03/2025 14:20:37
$MEAS_TIM:
38 38
$DATA:
0 1023
       0
       0
       0
       0
       0
       0
       0
       0
       0
       0
      68
     712
     858
     770
     643
     456
     332
     218
     149
     149
     135
     133
     112
     135
     134
     162
     182
     172
     225
     218
     231
     250
     245
     252
     250
     258
     218
     197
     182
     145
     118
     119
      80
      98
      69
      61
      51
      66
      52
      58
      54
      65
      61
      50
      40
      56
      51
      46
      61
      47
      54
      49
      55
      52
      52
      50
      55
      59
      57
      68
      69
      64
      59
      54
      39
      63
      62
      41
      53
      53
      56
      60
      47
      46
      35
      32
      35
      45
      38
      35
      44
      45
      54
      40
      48
      33
      36
      41
      47
      45
      39
      38
      36
      37
      35
      48
      39
      36
      31
      43
      36
      33
      42
      50
      50
      40
      53
      55
      49
      53
      55
      50
      60
      51
      68
      69
      58
      60
      66
      50
      65
      67
      56
      60
      63
      64
      83
      70
      79
      56
      76
      68
      84
      79
      79
      81
     101
      94
      94
     110
     135
     131
     107
     133
     107
     125
     107
     125
     115
      98
     114
     139
     106
      95
      89
      85
      84
      84
      74
      67
      61
      45
      52
      34
      51
      36
      28
      25
      30
      26
      21
      18
      13
      19
      15
      14
      18
       4
       8
      10
       7
       2
       3
       5
       6
       5
       5
       4
       5
       1
       4
       6
       4
       2
       4
       8
       2
       8
       3
       4
       4
       5
       2
       2
       3
       1
       2
       1
       5
       3
       4
       0
       9
       7
       0
       3
       5
       3
       4
       3
       7
       2
       3
       2
       3
       0
       2
       3
       4
       3
       2
       3
       3
       1
       3
       3
       4
       3
       4
       3
       5
       8
       3
       0
       0
       4
       1
       5
       5
       5
       2
       5
       4
       3
       2
       5
       1
       3
       3
       1
       2
       3
       2
       3
       2
       3
       6
       2
       3
       4
       6
       1
       5
       3
       5
       3
       2
       1
       6
       5
       4
       1
       2
       1
       5
       2
       2
       5
       1
       1
       0
       2
       2
       1
       3
       2
       1
       2
       1
       3
       2
       1
       3
       1
       1
       4
       0
       2
       0
       4
       3
       3
       2
       2
       1
       2
       2
       1
       1
       0
       2
       0
       1
       1
       3
       2
       0
       0
       2
       1
       3
       1
       0
       2
       0
       2
       1
       1
       0
       3
       1
       2
       0
       0
       1
       0
       3
       0
       2
       2
       0
       3
       0
       1
       0
       1
       1
       1
       1
       1
       1
       1
       0
       1
       0
       1
       1
       0
       1
       1
       3
       2
       2
       1
       1
       1
       1
       1
       0
       0
       0
       1
       2
       3
       2
       3
       1
       3
       1
       2
       1
       0
       1
       1
       0
       0
       2
       3
       0
       1
       0
       1
       1
       2
       3
       2
       2
       1
       1
       2
       1
       1
       2
       1
       0
       1
       1
       2
       0
       3
       1
       2
       1
       0
       0
       0
       0
       0
       2
       0
       1
       0
       0
       1
       1
       0
       1
       2
       2
       2
       2
       1
       0
       1
       1
       0
       0
       0
       2
       0
       1
       0
       2
       0
       0
       0
       0
       1
       0
       1
       1
       0
       0
       1
       1
       0
       1
       1
       3
       1
       0
       2
       1
       0
       0
       1
       1
       0
       1
       2
       1
       1
       1
       1
       1
       1
       0
       1
       1
       1
       0
       0
       0
       0
       1
       2
       0
       1
       1
       0
       3
       1
       1
       1
       0
       2
       0
       0
       0
       0
       0
       0
       0
       0
       0
       0
       1
       1
       0
       1
       2
       0
       0
       0
       0
       1
       0
       1
       2
       0
       2
       1
       0
       0
       0
       0
       0
       1
       0
       0
       1
       2
       0
       1
       0
       0
       1
       1
       0
       0
       0
       0
       0
       0
       2
       0
       1
       1
       0
       0
       0
       1
       1
       0
       1
       1
       0
       0
       0
       0
       0
       0
       0
       1
       0
       0
       0
       0
       0
       0
       1
       0
       0
       0
       0
       1
       0
       0
       0
       0
       2
       1
       0
       0
       1
       0
       0
       1
       0
       0
       1
       0
       1
       0
       0
       2
       3
       0
       2
       0
       0
       1
       2
       1
       0
       1
       2
       3
       1
       0
       1
       0
       2
       1
       1
       2
       0
       2
       1
       0
       2
       1
       1
       0
       1
       0
       2
       3
       3
       1
       0
       3
       4
       1
       1
       1
       1
       1
       1
       1
       3
       2
       0
       0
       1
       1
       0
       1
       3
       0
       2
       1
       0
       0
       1
       1
       0
       1
       5
       0
       0
       0
       1
       0
       1
       1
       1
       1
       0
       0
       0
       0
       1
       1
       0
       0
       0
       0
       0
       0
       0
       0
       1
       1
       0
       0
       1
       1
       0
       1
       0
       0
       0
       0
       0
       0
       0
       0
       0
       0
       0
       0
       0
       0
       0
       0
       0
       0
       0
       0
       0
       0
       0
       0
       0
       0
       0
       0
       0
       0
       0
       0
       0
       1
       0
       0
       0
       0
       2
       0
       0
       0
       0
       1
       0
       0
       0
       1
       0
       0
       0
       0
       1
       0
       0
       0
       0
       1
       1
       0
       0
       1
       0
       1
       0
       0
       0
       0
       1
       0
       1
       0
       1
       0
       0
       0
       0
       1
       0
       0
       0
       0
       0
       0
       0
       0
       1
       1
       0
       1
       0
       1
       0
       0
       2
       0
       0
       0
       0
       0
       0
       0
       0
       0
       0
       1
       0
       0
       1
       0
       0
       1
       0
       0
       0
       0
       1
       0
       0
       0
       0
       0
       0
       0
       0
       0
       0
       0
       0
       0
       0
       1
       0
       0
       0
       0
       0
       0
       0
       0
       0
       0
       0
       0
       0
       0
       0
       0
       0
       0
       0
       0
       0
       0
       0
       0
       0
       0
       0
       0
       0
       0
       0
       1
       0
       0
       0
       0
       0
       0
       0
       0
       0
       0
       0
       0
       1
       0
       0
       0
       0
       0
       0
       0
       0
       0
       0
       1
       0
       0
       0
       0
       0
       0
       0
       0
       0
       0
       0
       0
       0
       0
       0
       0
       0
       0
       0
       0
       0
       0
       0
       0
       0
       0
       0
       0
       1
       1
       1
       0
       0
       0
       0
       1
       0
       0
       0
       0
       1
       0
       0
       0
       0
       0
       0
       0
       0
       0
       0
       0
       0
       0
       0
       0
       0
       0
       0
       0
       0
       0
       0
       0
       0
       0
       0
       0
       0
       0
       0
       0
       0
       0
       0
       1
       0
       0
       0
       0
       0
       0
       0
       1
       0
       0
       0
       0
       1
       0
       0
       0
       0
       0
       0
       0
       0
       0
       1
       0
       0
       0
       1
       0
       0
       0
       0
       1
       1
       0
       0
       0
       0
       0
       0
       0
       0
       0
       0
       0
       0
       0
       0
       0
       0
       0
$ROI:
0
$PRESETS:
None
0
0
$ENER_FIT:
0.000000 2.205567
$MCA_CAL:
3
0.000000E+000 2.205567E+000 0.000000E+000 keV
$SHAPE_CAL:
3
0.000000E+000 0.000000E+000 0.000000E+000
