$SPEC_ID:
No sample description was entered.
$SPEC_REM:
DET# 2
DETDESC# SPACESCIENCE8 digiBASE-RH SN 15121449
AP# Maestro Version 7.01
$DATE_MEA:
10/28/2025 12:53:24
$MEAS_TIM:
77 77
$DATA:
0 1023
       0
       0
       0
       0
       0
       0
       0
       0
       0
       0
       2
      29
      39
      46
      58
      40
      56
      70
      79
      98
      78
     105
     106
     113
     102
      98
     106
      97
      97
      94
      84
      90
      84
      81
      76
      85
      73
      96
      75
      71
      66
      70
      82
      71
      64
      49
      58
      52
      61
      57
      56
      63
      51
      36
      55
      63
      45
      53
      39
      29
      42
      41
      47
      46
      36
      49
      47
      31
      34
      34
      48
      38
      51
      26
      39
      36
      35
      33
      31
      44
      32
      31
      29
      25
      26
      32
      44
      24
      23
      26
      20
      27
      14
      37
      32
      25
      26
      29
      26
      20
      36
      31
      24
      18
      13
      24
      34
      24
      21
      19
      24
      17
      27
      20
      23
      17
      23
      21
      17
      20
      16
      15
      15
      25
       9
      16
      18
      12
      15
      17
      16
      12
      11
      11
      15
      21
      17
      18
      16
      17
       7
      13
      16
      15
      18
       8
      16
      17
      18
      16
       3
      13
      18
      17
       7
       9
       8
       9
       6
       8
      13
       8
       9
      13
      12
       8
      14
      15
      17
       9
       6
       7
      10
      11
       8
      10
       5
       9
       7
      17
      10
      12
       9
      12
       5
      15
       3
       7
      12
       4
       5
       7
       5
      10
       5
       7
       6
      11
      13
       6
       7
      12
       5
       5
       8
      11
       6
       7
       5
      12
       4
       6
       6
      11
       9
       8
       4
       7
       7
      14
       4
       9
       7
       5
       3
       6
       9
       9
       3
       5
       5
       2
       8
       5
       6
       6
       6
       5
       8
       4
       8
       8
       9
       7
       8
       3
       5
       2
       7
       9
       9
      12
      11
       7
       6
       3
      10
       7
       5
      12
       9
       4
       6
       5
       3
       4
       5
       5
       2
       4
       7
       6
       5
       8
       1
       8
       7
       4
       3
       8
      10
       5
       6
       7
       8
       6
       5
       5
       3
       3
       3
       4
       6
       2
       4
       8
       6
       3
       7
       3
       6
       5
       3
       4
       3
       3
       3
       7
       2
       2
       0
       3
       3
       0
       1
       5
       3
       4
       1
       5
       1
       0
       5
       2
       3
       5
       2
       4
       1
       3
       5
       3
       3
       5
       2
       5
       4
       2
       2
       4
       1
       5
       5
       2
       0
       2
       2
       6
       5
       2
       4
       4
       1
       2
       3
       4
       2
       0
       3
       5
       3
       2
       3
       3
       5
       4
       3
       3
       3
       4
       4
       6
       1
       2
       2
       2
       2
       4
       4
       4
       3
       3
       3
       2
       0
       2
       2
       1
       2
       2
       3
       1
       1
       2
       1
       4
       4
       1
       5
       2
       3
       1
       3
       5
       0
       1
       3
       4
       0
       4
       3
       3
       3
       4
       3
       1
       3
       2
       2
       2
       2
       1
       4
       1
       4
       2
       4
       3
       1
       3
       1
       3
       2
       2
       0
       2
       2
       2
       3
       1
       0
       0
       2
       1
       0
       2
       4
       0
       3
       2
       2
       5
       3
       1
       0
       2
       2
       0
       0
       1
       1
       1
       3
       2
       0
       1
       3
       4
       1
       2
       2
       0
       2
       2
       2
       5
       3
       3
       4
       2
       2
       2
       3
       7
       3
       2
       3
       2
       6
       5
       9
       1
       2
       1
       7
       3
       2
       6
       5
       5
       7
       7
       2
       7
       3
       4
       4
       8
       5
       8
       6
       3
       3
       7
       4
       5
       9
      10
       3
       4
       2
       7
       5
       3
       2
       6
       3
       6
       3
       5
       7
       2
       4
       4
       3
       5
       5
       0
       4
       1
       1
       3
       5
       7
       5
       5
       2
       2
       5
       7
       1
       3
       4
       6
       5
       0
       3
       3
       3
       1
       1
       3
       1
       4
       1
       1
       5
       4
       3
       4
       5
       6
       1
       2
       6
       3
       2
       4
       5
       6
       2
       6
       1
       2
       1
       7
       8
       5
       7
       3
       7
       3
       6
       3
       4
       3
       7
       4
       2
       3
       2
       5
       6
       3
       3
       1
       2
       4
       3
       1
       0
       4
       3
       4
       2
       4
       2
       2
       3
       3
       7
       2
       4
       7
       4
       0
       3
       2
       1
       1
       1
       2
       2
       5
       5
       2
       0
       4
       0
       5
       1
       2
       1
       4
       4
       0
       2
       1
       0
       0
       4
       2
       0
       1
       6
       0
       1
       3
       3
       2
       2
       4
       0
       0
       1
       2
       2
       3
       1
       2
       5
       0
       0
       2
       1
       1
       2
       1
       1
       0
       0
       0
       1
       0
       1
       0
       0
       0
       0
       1
       0
       0
       0
       0
       0
       0
       2
       1
       0
       1
       0
       1
       0
       0
       1
       1
       0
       1
       2
       1
       0
       0
       0
       0
       0
       0
       1
       0
       0
       0
       0
       0
       0
       0
       0
       0
       0
       1
       0
       0
       3
       0
       1
       1
       2
       1
       1
       0
       0
       1
       1
       0
       0
       0
       0
       2
       0
       1
       2
       0
       0
       0
       0
       1
       0
       1
       0
       1
       1
       2
       2
       2
       1
       0
       1
       0
       0
       2
       0
       0
       0
       0
       2
       0
       0
       0
       1
       0
       0
       0
       0
       0
       1
       0
       1
       0
       0
       0
       0
       0
       0
       1
       0
       0
       1
       0
       0
       2
       1
       0
       0
       1
       0
       1
       1
       0
       0
       0
       0
       1
       0
       0
       0
       0
       0
       0
       0
       0
       0
       0
       0
       1
       0
       1
       1
       0
       1
       0
       0
       0
       0
       0
       0
       0
       0
       0
       0
       0
       0
       0
       0
       0
       1
       0
       1
       1
       1
       1
       0
       0
       0
       0
       0
       0
       0
       0
       0
       0
       0
       0
       0
       0
       0
       0
       0
       0
       0
       0
       0
       0
       0
       0
       0
       0
       0
       1
       0
       1
       0
       0
       0
       0
       0
       1
       1
       0
       1
       0
       0
       1
       0
       0
       0
       0
       0
       0
       0
       0
       0
       0
       0
       0
       0
       0
       1
       0
       0
       0
       0
       0
       0
       0
       0
       1
       0
       1
       0
       0
       0
       0
       1
       0
       1
       0
       0
       0
       0
       0
       0
       1
       0
       0
       0
       0
       1
       2
       0
       0
       0
       0
       0
       0
       1
       0
       0
       0
       0
       0
       0
       0
       0
       0
       0
       1
       1
       1
       0
       0
       1
       0
       0
       2
       0
       1
       0
       0
       1
       0
       0
       0
       0
       0
       0
       1
       0
       1
       2
       1
       0
       0
       0
       0
       0
       0
       0
       0
       0
       1
       1
       0
       0
       0
       0
       0
       0
       0
       0
       1
       0
       0
       1
       0
       0
       1
       0
       0
       0
       1
       0
       0
       0
       0
       0
       0
       0
       0
       0
       1
       0
       0
       0
       1
       0
       0
$ROI:
0
$PRESETS:
None
0
0
$ENER_FIT:
0.000000 2.205567
$MCA_CAL:
3
0.000000E+000 2.205567E+000 0.000000E+000 keV
$SHAPE_CAL:
3
0.000000E+000 0.000000E+000 0.000000E+000
