$SPEC_ID:
No sample description was entered.
$SPEC_REM:
DET# 2
DETDESC# SPACESCIENCE8 digiBASE-RH SN 15121449
AP# Maestro Version 7.01
$DATE_MEA:
10/28/2025 12:49:49
$MEAS_TIM:
30 30
$DATA:
0 1023
       0
       0
       0
       0
       0
       0
       0
       0
       0
       0
      26
     314
     404
     328
     276
     258
     179
     150
     122
     110
     115
      79
      82
      92
      78
     101
      95
     107
      77
      97
     102
     104
      89
     110
      99
     103
      97
     114
      95
      98
      98
     126
      86
      92
     112
      96
      97
      80
      95
      87
      96
     107
      94
      93
     126
      89
     125
     103
     101
     111
     105
      94
      95
     104
     111
      94
     118
     108
     107
     125
     110
     109
     117
     124
     114
     142
     115
     106
     124
     108
     121
     111
     137
     117
     132
     152
     121
     112
     120
      88
     113
     124
     124
     103
     114
     107
      96
     103
     104
      86
     109
      94
      86
      88
      96
      93
     113
     101
     102
      92
      93
     106
      94
      88
      91
      97
      80
      85
      73
      87
      83
      62
      93
      72
      81
      70
      88
      73
      72
      69
      65
      55
      66
      63
      77
      66
      66
      73
      57
      79
      65
      76
      78
      63
      62
      54
      51
      56
      59
      69
      56
      65
      56
      57
      58
      55
      57
      52
      49
      59
      43
      61
      50
      61
      39
      47
      40
      42
      56
      56
      43
      51
      45
      51
      52
      42
      46
      50
      42
      44
      39
      49
      42
      47
      53
      45
      43
      37
      32
      46
      33
      36
      36
      34
      45
      22
      43
      37
      38
      42
      36
      40
      23
      32
      33
      28
      24
      34
      30
      18
      28
      21
      22
      27
      21
      22
      21
      19
      24
      24
      18
      21
      22
      21
      14
      15
      13
      17
      17
      17
      14
      18
      15
      17
      12
      15
      14
      13
      13
      21
      13
      19
      16
      19
      26
      17
      20
      24
      35
      26
      42
      43
      46
      46
      52
      66
      63
      74
      75
     105
      99
     122
     136
     152
     142
     180
     177
     227
     238
     213
     255
     275
     313
     316
     361
     384
     400
     421
     408
     415
     535
     511
     523
     519
     490
     527
     474
     519
     525
     529
     510
     443
     516
     497
     436
     443
     428
     383
     378
     347
     344
     315
     283
     271
     254
     218
     242
     212
     178
     158
     150
     148
     107
     106
      95
      92
      72
      83
      47
      45
      45
      36
      40
      30
      26
      30
      18
      12
      14
       9
      14
       6
       1
       6
       4
       6
       4
       4
       3
       1
       4
       2
       1
       2
       2
       3
       2
       1
       1
       0
       1
       0
       1
       0
       4
       0
       1
       0
       3
       2
       2
       0
       0
       0
       1
       1
       1
       1
       1
       0
       1
       1
       0
       1
       0
       2
       0
       0
       0
       0
       3
       2
       0
       1
       0
       0
       0
       0
       2
       3
       0
       2
       0
       0
       0
       1
       1
       1
       1
       2
       1
       1
       0
       1
       0
       0
       5
       0
       0
       0
       0
       0
       0
       3
       0
       0
       0
       0
       1
       2
       1
       1
       0
       0
       1
       0
       3
       1
       1
       0
       2
       1
       2
       0
       1
       1
       0
       0
       0
       0
       1
       0
       1
       0
       1
       0
       0
       2
       2
       0
       2
       0
       0
       2
       0
       1
       3
       0
       0
       1
       0
       2
       0
       1
       0
       0
       1
       0
       0
       0
       0
       0
       1
       2
       0
       1
       1
       0
       1
       3
       1
       0
       2
       2
       0
       1
       0
       0
       2
       2
       0
       0
       0
       0
       1
       1
       1
       1
       0
       1
       0
       0
       0
       0
       0
       1
       2
       0
       0
       4
       1
       0
       0
       0
       0
       0
       1
       2
       1
       0
       0
       0
       1
       0
       0
       0
       1
       1
       1
       2
       0
       0
       0
       2
       0
       1
       0
       0
       1
       0
       0
       1
       1
       1
       0
       0
       2
       1
       0
       1
       0
       1
       0
       0
       0
       0
       0
       2
       1
       0
       2
       0
       1
       1
       0
       1
       0
       0
       0
       1
       0
       1
       0
       0
       0
       1
       0
       0
       0
       1
       0
       0
       0
       0
       0
       0
       0
       0
       0
       1
       1
       0
       2
       1
       0
       0
       0
       0
       0
       2
       0
       0
       0
       1
       0
       0
       0
       0
       0
       1
       1
       0
       0
       1
       0
       1
       2
       1
       0
       2
       3
       1
       1
       0
       2
       1
       1
       0
       0
       1
       3
       0
       1
       0
       1
       0
       1
       3
       1
       0
       1
       0
       1
       0
       0
       1
       1
       0
       1
       0
       1
       1
       2
       0
       0
       3
       0
       3
       1
       0
       0
       0
       1
       1
       1
       0
       0
       0
       0
       0
       0
       0
       2
       0
       0
       0
       0
       0
       2
       0
       0
       1
       0
       0
       0
       0
       0
       0
       0
       0
       0
       0
       0
       0
       1
       0
       0
       0
       0
       0
       0
       1
       0
       0
       1
       0
       0
       0
       0
       1
       0
       0
       0
       1
       0
       0
       1
       0
       0
       0
       0
       0
       0
       0
       1
       0
       0
       0
       0
       0
       0
       0
       0
       0
       1
       0
       2
       1
       0
       1
       1
       0
       1
       0
       1
       0
       0
       0
       0
       0
       0
       0
       0
       0
       0
       0
       0
       0
       0
       0
       0
       0
       0
       0
       0
       1
       0
       1
       0
       0
       0
       0
       0
       0
       1
       0
       0
       0
       0
       2
       0
       1
       0
       0
       0
       0
       0
       0
       0
       0
       0
       1
       0
       0
       0
       0
       1
       0
       0
       0
       0
       0
       1
       1
       0
       0
       0
       0
       0
       0
       0
       0
       0
       0
       0
       0
       0
       0
       0
       0
       0
       0
       0
       0
       0
       0
       0
       0
       0
       0
       0
       0
       0
       1
       0
       0
       0
       0
       0
       0
       0
       0
       0
       0
       0
       0
       0
       0
       0
       0
       0
       0
       0
       0
       0
       0
       0
       0
       0
       0
       0
       0
       0
       0
       0
       0
       0
       0
       0
       0
       0
       0
       0
       2
       0
       0
       0
       0
       0
       1
       0
       0
       0
       0
       0
       0
       0
       0
       0
       0
       0
       0
       0
       0
       1
       0
       0
       0
       0
       0
       0
       0
       0
       0
       0
       0
       0
       0
       0
       0
       0
       0
       0
       0
       0
       0
       0
       0
       0
       0
       1
       0
       0
       0
       0
       0
       0
       0
       0
       0
       0
       0
       0
       0
       0
       0
       0
       0
       0
       0
       0
       0
       0
       1
       0
       2
       0
       1
       0
       0
       0
       0
       0
       0
       0
       0
       0
       0
       0
       0
       0
       0
       0
       0
       0
       0
       1
       0
       0
       0
       0
       0
       0
       0
       0
       0
       0
       0
       0
       0
       0
       0
       0
       0
       0
       0
       0
       0
       0
       0
       0
       0
       0
       0
       0
       0
       0
       0
       0
       0
       0
       0
       0
       0
       0
       0
       0
       0
       0
       0
       0
       0
       0
       0
       0
       0
       0
       0
       0
       0
       0
       0
       0
       0
$ROI:
0
$PRESETS:
None
0
0
$ENER_FIT:
0.000000 2.205567
$MCA_CAL:
3
0.000000E+000 2.205567E+000 0.000000E+000 keV
$SHAPE_CAL:
3
0.000000E+000 0.000000E+000 0.000000E+000
